-3.330868263498379665e-12
-1.047456012787195023e+00
-1.080417395755272736e+01
-2.129022577186023923e+01
-3.073384660795684287e+00
2.188441745471552957e-01
2.197917882362568909e-01
2.207629010663501867e-01
2.217581690682421947e-01
2.227782807401889054e-01
2.238239591674897055e-01
2.248959643244707873e-01
2.259950955782772941e-01
2.271221944163817896e-01
2.279471356441800101e-01
2.279940018540506930e-01
2.280530856673088080e-01
2.281238251507214931e-01
2.281980336855952973e-01
2.282845205984692927e-01
2.283810601016119934e-01
2.284834355512607995e-01
2.285981771521267136e-01
2.287149646394998903e-01
2.288433529139511924e-01
2.289842131283391924e-01
2.291306990757183970e-01
2.292734498713941971e-01
2.294287550737006132e-01
2.295966749877668966e-01
0.000000000000000000e+00
0.000000000000000000e+00
0.000000000000000000e+00
0.000000000000000000e+00
0.000000000000000000e+00
0.000000000000000000e+00
0.000000000000000000e+00
0.000000000000000000e+00
0.000000000000000000e+00
0.000000000000000000e+00
0.000000000000000000e+00
0.000000000000000000e+00
0.000000000000000000e+00
0.000000000000000000e+00
0.000000000000000000e+00
0.000000000000000000e+00
0.000000000000000000e+00
0.000000000000000000e+00
0.000000000000000000e+00
0.000000000000000000e+00
0.000000000000000000e+00
0.000000000000000000e+00
0.000000000000000000e+00
0.000000000000000000e+00
0.000000000000000000e+00
0.000000000000000000e+00
0.000000000000000000e+00
0.000000000000000000e+00
0.000000000000000000e+00
0.000000000000000000e+00
0.000000000000000000e+00
0.000000000000000000e+00
0.000000000000000000e+00
0.000000000000000000e+00
0.000000000000000000e+00
0.000000000000000000e+00
0.000000000000000000e+00
0.000000000000000000e+00
0.000000000000000000e+00
0.000000000000000000e+00
0.000000000000000000e+00
0.000000000000000000e+00
0.000000000000000000e+00
0.000000000000000000e+00
0.000000000000000000e+00
0.000000000000000000e+00
0.000000000000000000e+00
0.000000000000000000e+00
0.000000000000000000e+00
0.000000000000000000e+00
0.000000000000000000e+00
0.000000000000000000e+00
0.000000000000000000e+00
0.000000000000000000e+00
0.000000000000000000e+00
0.000000000000000000e+00
0.000000000000000000e+00
0.000000000000000000e+00
0.000000000000000000e+00
0.000000000000000000e+00
0.000000000000000000e+00
0.000000000000000000e+00
0.000000000000000000e+00
0.000000000000000000e+00
0.000000000000000000e+00
0.000000000000000000e+00
0.000000000000000000e+00
0.000000000000000000e+00
0.000000000000000000e+00
0.000000000000000000e+00
0.000000000000000000e+00
0.000000000000000000e+00
0.000000000000000000e+00
0.000000000000000000e+00
0.000000000000000000e+00
0.000000000000000000e+00
0.000000000000000000e+00
0.000000000000000000e+00
0.000000000000000000e+00
0.000000000000000000e+00
0.000000000000000000e+00
0.000000000000000000e+00
0.000000000000000000e+00
0.000000000000000000e+00
0.000000000000000000e+00
0.000000000000000000e+00
0.000000000000000000e+00
0.000000000000000000e+00
0.000000000000000000e+00
0.000000000000000000e+00
0.000000000000000000e+00
0.000000000000000000e+00
0.000000000000000000e+00
0.000000000000000000e+00
0.000000000000000000e+00
0.000000000000000000e+00
0.000000000000000000e+00
0.000000000000000000e+00
0.000000000000000000e+00
0.000000000000000000e+00
0.000000000000000000e+00
0.000000000000000000e+00
0.000000000000000000e+00
0.000000000000000000e+00
0.000000000000000000e+00
0.000000000000000000e+00
0.000000000000000000e+00
0.000000000000000000e+00
0.000000000000000000e+00
0.000000000000000000e+00
0.000000000000000000e+00
0.000000000000000000e+00
0.000000000000000000e+00
0.000000000000000000e+00
0.000000000000000000e+00
0.000000000000000000e+00
0.000000000000000000e+00
0.000000000000000000e+00
0.000000000000000000e+00
0.000000000000000000e+00
0.000000000000000000e+00
0.000000000000000000e+00
0.000000000000000000e+00
0.000000000000000000e+00
0.000000000000000000e+00
0.000000000000000000e+00
0.000000000000000000e+00
0.000000000000000000e+00
0.000000000000000000e+00
0.000000000000000000e+00
0.000000000000000000e+00
0.000000000000000000e+00
0.000000000000000000e+00
0.000000000000000000e+00
0.000000000000000000e+00
0.000000000000000000e+00
0.000000000000000000e+00
0.000000000000000000e+00
0.000000000000000000e+00
0.000000000000000000e+00
0.000000000000000000e+00
0.000000000000000000e+00
0.000000000000000000e+00
0.000000000000000000e+00
0.000000000000000000e+00
0.000000000000000000e+00
0.000000000000000000e+00
0.000000000000000000e+00
0.000000000000000000e+00
0.000000000000000000e+00
0.000000000000000000e+00
0.000000000000000000e+00
0.000000000000000000e+00
0.000000000000000000e+00
0.000000000000000000e+00
0.000000000000000000e+00
0.000000000000000000e+00
0.000000000000000000e+00
0.000000000000000000e+00
0.000000000000000000e+00
0.000000000000000000e+00
0.000000000000000000e+00
0.000000000000000000e+00
0.000000000000000000e+00
0.000000000000000000e+00
0.000000000000000000e+00
0.000000000000000000e+00
0.000000000000000000e+00
0.000000000000000000e+00
0.000000000000000000e+00
0.000000000000000000e+00
0.000000000000000000e+00
0.000000000000000000e+00
0.000000000000000000e+00
0.000000000000000000e+00
0.000000000000000000e+00
0.000000000000000000e+00
0.000000000000000000e+00
0.000000000000000000e+00
0.000000000000000000e+00
0.000000000000000000e+00
0.000000000000000000e+00
0.000000000000000000e+00
0.000000000000000000e+00
0.000000000000000000e+00
0.000000000000000000e+00
0.000000000000000000e+00
0.000000000000000000e+00
0.000000000000000000e+00
0.000000000000000000e+00
0.000000000000000000e+00
0.000000000000000000e+00
0.000000000000000000e+00
0.000000000000000000e+00
0.000000000000000000e+00
0.000000000000000000e+00
0.000000000000000000e+00
0.000000000000000000e+00
0.000000000000000000e+00
0.000000000000000000e+00
0.000000000000000000e+00
0.000000000000000000e+00
0.000000000000000000e+00
0.000000000000000000e+00
0.000000000000000000e+00
0.000000000000000000e+00
0.000000000000000000e+00
0.000000000000000000e+00
0.000000000000000000e+00
0.000000000000000000e+00
0.000000000000000000e+00
0.000000000000000000e+00
0.000000000000000000e+00
0.000000000000000000e+00
0.000000000000000000e+00
0.000000000000000000e+00
0.000000000000000000e+00
0.000000000000000000e+00
0.000000000000000000e+00
0.000000000000000000e+00
0.000000000000000000e+00
0.000000000000000000e+00
0.000000000000000000e+00
0.000000000000000000e+00
0.000000000000000000e+00
0.000000000000000000e+00
0.000000000000000000e+00
0.000000000000000000e+00
0.000000000000000000e+00
0.000000000000000000e+00
0.000000000000000000e+00
0.000000000000000000e+00
0.000000000000000000e+00
0.000000000000000000e+00
0.000000000000000000e+00
0.000000000000000000e+00
0.000000000000000000e+00
0.000000000000000000e+00
0.000000000000000000e+00
0.000000000000000000e+00
0.000000000000000000e+00
0.000000000000000000e+00
0.000000000000000000e+00
0.000000000000000000e+00
0.000000000000000000e+00
0.000000000000000000e+00
0.000000000000000000e+00
0.000000000000000000e+00
0.000000000000000000e+00
0.000000000000000000e+00
0.000000000000000000e+00
0.000000000000000000e+00
0.000000000000000000e+00
0.000000000000000000e+00
0.000000000000000000e+00
0.000000000000000000e+00
0.000000000000000000e+00
0.000000000000000000e+00
0.000000000000000000e+00
0.000000000000000000e+00
0.000000000000000000e+00
0.000000000000000000e+00
0.000000000000000000e+00
0.000000000000000000e+00
0.000000000000000000e+00
0.000000000000000000e+00
0.000000000000000000e+00
0.000000000000000000e+00
0.000000000000000000e+00
0.000000000000000000e+00
0.000000000000000000e+00
0.000000000000000000e+00
0.000000000000000000e+00
0.000000000000000000e+00
0.000000000000000000e+00
0.000000000000000000e+00
0.000000000000000000e+00
0.000000000000000000e+00
0.000000000000000000e+00
0.000000000000000000e+00
0.000000000000000000e+00
0.000000000000000000e+00
0.000000000000000000e+00
0.000000000000000000e+00
0.000000000000000000e+00
0.000000000000000000e+00
0.000000000000000000e+00
0.000000000000000000e+00
0.000000000000000000e+00
0.000000000000000000e+00
0.000000000000000000e+00
0.000000000000000000e+00
0.000000000000000000e+00
0.000000000000000000e+00
0.000000000000000000e+00
0.000000000000000000e+00
0.000000000000000000e+00
0.000000000000000000e+00
0.000000000000000000e+00
0.000000000000000000e+00
0.000000000000000000e+00
0.000000000000000000e+00
0.000000000000000000e+00
0.000000000000000000e+00
0.000000000000000000e+00
0.000000000000000000e+00
0.000000000000000000e+00
0.000000000000000000e+00
0.000000000000000000e+00
0.000000000000000000e+00
0.000000000000000000e+00
0.000000000000000000e+00
0.000000000000000000e+00
0.000000000000000000e+00
0.000000000000000000e+00
0.000000000000000000e+00
0.000000000000000000e+00
0.000000000000000000e+00
0.000000000000000000e+00
0.000000000000000000e+00
0.000000000000000000e+00
0.000000000000000000e+00
0.000000000000000000e+00
0.000000000000000000e+00
0.000000000000000000e+00
0.000000000000000000e+00
0.000000000000000000e+00
0.000000000000000000e+00
0.000000000000000000e+00
0.000000000000000000e+00
0.000000000000000000e+00
0.000000000000000000e+00
0.000000000000000000e+00
0.000000000000000000e+00
0.000000000000000000e+00
0.000000000000000000e+00
0.000000000000000000e+00
0.000000000000000000e+00
0.000000000000000000e+00
0.000000000000000000e+00
0.000000000000000000e+00
0.000000000000000000e+00
0.000000000000000000e+00
0.000000000000000000e+00
0.000000000000000000e+00
0.000000000000000000e+00
0.000000000000000000e+00
0.000000000000000000e+00
0.000000000000000000e+00
0.000000000000000000e+00
0.000000000000000000e+00
0.000000000000000000e+00
0.000000000000000000e+00
0.000000000000000000e+00
0.000000000000000000e+00
0.000000000000000000e+00
0.000000000000000000e+00
0.000000000000000000e+00
0.000000000000000000e+00
0.000000000000000000e+00
0.000000000000000000e+00
0.000000000000000000e+00
0.000000000000000000e+00
0.000000000000000000e+00
0.000000000000000000e+00
0.000000000000000000e+00
0.000000000000000000e+00
0.000000000000000000e+00
0.000000000000000000e+00
0.000000000000000000e+00
0.000000000000000000e+00
0.000000000000000000e+00
0.000000000000000000e+00
0.000000000000000000e+00
0.000000000000000000e+00
0.000000000000000000e+00
0.000000000000000000e+00
0.000000000000000000e+00
0.000000000000000000e+00
0.000000000000000000e+00
0.000000000000000000e+00
0.000000000000000000e+00
0.000000000000000000e+00
0.000000000000000000e+00
0.000000000000000000e+00
0.000000000000000000e+00
0.000000000000000000e+00
0.000000000000000000e+00
0.000000000000000000e+00
0.000000000000000000e+00
0.000000000000000000e+00
0.000000000000000000e+00
0.000000000000000000e+00
0.000000000000000000e+00
0.000000000000000000e+00
0.000000000000000000e+00
0.000000000000000000e+00
0.000000000000000000e+00
0.000000000000000000e+00
0.000000000000000000e+00
0.000000000000000000e+00
0.000000000000000000e+00
0.000000000000000000e+00
0.000000000000000000e+00
0.000000000000000000e+00
0.000000000000000000e+00
0.000000000000000000e+00
0.000000000000000000e+00
0.000000000000000000e+00
0.000000000000000000e+00
0.000000000000000000e+00
0.000000000000000000e+00
0.000000000000000000e+00
0.000000000000000000e+00
0.000000000000000000e+00
0.000000000000000000e+00
0.000000000000000000e+00
0.000000000000000000e+00
0.000000000000000000e+00
0.000000000000000000e+00
0.000000000000000000e+00
0.000000000000000000e+00
0.000000000000000000e+00
0.000000000000000000e+00
0.000000000000000000e+00
0.000000000000000000e+00
0.000000000000000000e+00
0.000000000000000000e+00
0.000000000000000000e+00
0.000000000000000000e+00
0.000000000000000000e+00
0.000000000000000000e+00
0.000000000000000000e+00
0.000000000000000000e+00
0.000000000000000000e+00
0.000000000000000000e+00
0.000000000000000000e+00
0.000000000000000000e+00
0.000000000000000000e+00
0.000000000000000000e+00
0.000000000000000000e+00
0.000000000000000000e+00
0.000000000000000000e+00
0.000000000000000000e+00
0.000000000000000000e+00
0.000000000000000000e+00
0.000000000000000000e+00
0.000000000000000000e+00
0.000000000000000000e+00
0.000000000000000000e+00
0.000000000000000000e+00
0.000000000000000000e+00
0.000000000000000000e+00
0.000000000000000000e+00
0.000000000000000000e+00
0.000000000000000000e+00
0.000000000000000000e+00
0.000000000000000000e+00
0.000000000000000000e+00
0.000000000000000000e+00
0.000000000000000000e+00
0.000000000000000000e+00
0.000000000000000000e+00
0.000000000000000000e+00
0.000000000000000000e+00
0.000000000000000000e+00
0.000000000000000000e+00
0.000000000000000000e+00
0.000000000000000000e+00
0.000000000000000000e+00
0.000000000000000000e+00
0.000000000000000000e+00
0.000000000000000000e+00
0.000000000000000000e+00
0.000000000000000000e+00
0.000000000000000000e+00
0.000000000000000000e+00
0.000000000000000000e+00
0.000000000000000000e+00
0.000000000000000000e+00
0.000000000000000000e+00
0.000000000000000000e+00
0.000000000000000000e+00
0.000000000000000000e+00
0.000000000000000000e+00
0.000000000000000000e+00
0.000000000000000000e+00
0.000000000000000000e+00
0.000000000000000000e+00
0.000000000000000000e+00
0.000000000000000000e+00
0.000000000000000000e+00
0.000000000000000000e+00
0.000000000000000000e+00
0.000000000000000000e+00
0.000000000000000000e+00
0.000000000000000000e+00
0.000000000000000000e+00
0.000000000000000000e+00
0.000000000000000000e+00
0.000000000000000000e+00
0.000000000000000000e+00
0.000000000000000000e+00
0.000000000000000000e+00
0.000000000000000000e+00
0.000000000000000000e+00
0.000000000000000000e+00
0.000000000000000000e+00
0.000000000000000000e+00
0.000000000000000000e+00
0.000000000000000000e+00
0.000000000000000000e+00
0.000000000000000000e+00
0.000000000000000000e+00
0.000000000000000000e+00
0.000000000000000000e+00
0.000000000000000000e+00
0.000000000000000000e+00
0.000000000000000000e+00
0.000000000000000000e+00
0.000000000000000000e+00
0.000000000000000000e+00
0.000000000000000000e+00
0.000000000000000000e+00
0.000000000000000000e+00
0.000000000000000000e+00
0.000000000000000000e+00
0.000000000000000000e+00
0.000000000000000000e+00
0.000000000000000000e+00
0.000000000000000000e+00
0.000000000000000000e+00
0.000000000000000000e+00
0.000000000000000000e+00
0.000000000000000000e+00
0.000000000000000000e+00
0.000000000000000000e+00
0.000000000000000000e+00
0.000000000000000000e+00
0.000000000000000000e+00
0.000000000000000000e+00
0.000000000000000000e+00
0.000000000000000000e+00
0.000000000000000000e+00
0.000000000000000000e+00
0.000000000000000000e+00
0.000000000000000000e+00
0.000000000000000000e+00
0.000000000000000000e+00
0.000000000000000000e+00
0.000000000000000000e+00
0.000000000000000000e+00
0.000000000000000000e+00
0.000000000000000000e+00
0.000000000000000000e+00
0.000000000000000000e+00
0.000000000000000000e+00
0.000000000000000000e+00
0.000000000000000000e+00
0.000000000000000000e+00
0.000000000000000000e+00
0.000000000000000000e+00
0.000000000000000000e+00
0.000000000000000000e+00
0.000000000000000000e+00
0.000000000000000000e+00
0.000000000000000000e+00
0.000000000000000000e+00
0.000000000000000000e+00
0.000000000000000000e+00
0.000000000000000000e+00
0.000000000000000000e+00
1.541217884070162081e-01
1.538052105318032103e-01
1.534972014329674950e-01
1.531976595069600988e-01
1.529064867363892910e-01
1.526235885865752928e-01
1.523488739070072984e-01
1.520822548374680117e-01
1.518236467186031002e-01
1.515729680067318952e-01
1.513301401927016898e-01
1.510950877246050872e-01
1.508677379341885894e-01
1.506480209667913073e-01
1.504358697146623014e-01
1.502312197535149996e-01
1.500340092821849936e-01
1.498441790652658978e-01
1.496616723786040881e-01
1.494864349575449891e-01
1.493184149478233025e-01
1.491575628590016966e-01
1.490038315203660868e-01
1.488571760391924070e-01
1.487175537613026066e-01
1.485849242338365961e-01
1.484592491701690886e-01
1.483404924169051120e-01
1.482286199228932122e-01
1.481235997101998103e-01
1.480254018469900901e-01
1.479339984222680093e-01
1.478493635224281955e-01
1.477714732095783967e-01
1.477003055015947974e-01
1.476358403538720054e-01
1.475780596427392899e-01
1.475269471505109009e-01
1.474824885521452134e-01
1.474446714034911010e-01
1.474134851310983096e-01
1.473889210235760916e-01
1.473709722244856968e-01
1.473596337267513989e-01
1.473549023685852000e-01
1.473567768309136938e-01
1.473652576363053135e-01
1.473803471493951023e-01
1.474020495788088136e-01
1.474303709805880047e-01
1.474653192631228960e-01
1.475069041936019898e-01
1.475551374059891063e-01
1.476100324105397987e-01
1.476716046048781872e-01
1.477398712866470898e-01
1.478148516677602886e-01
1.478965668902746944e-01
1.479850400439172986e-01
1.480802961852920874e-01
1.481823623588038041e-01
1.482912676193355039e-01
1.484070430567193954e-01
1.485297218220461013e-01
1.486593391558596045e-01
1.487959324182890897e-01
1.489395411211734965e-01
1.490902069622377923e-01
1.492479738613853024e-01
1.494128879991747094e-01
1.495849978575526096e-01
1.497643542629235047e-01
1.499510104316378045e-01
1.501450220179867956e-01
1.503464471648015000e-01
1.505553465567547877e-01
1.507717834764746023e-01
1.509958238635835115e-01
1.512275363767864034e-01
1.514669924591361960e-01
1.517142664066158109e-01
1.519694354401839032e-01
1.522325797814406967e-01
1.525037827320812889e-01
1.527831307573128128e-01
1.530707135734268032e-01
1.533666242397251078e-01
1.536709592550170034e-01
1.539838186589148061e-01
1.543053061381707003e-01
1.546355291383172958e-01
1.549745989808873903e-01
1.553226309865103905e-01
1.556797446041995880e-01
1.560460635471705992e-01
1.564217159355502929e-01
1.568068344463635078e-01
1.572015564712085922e-01
1.576060242820676027e-01
1.580203852057217029e-01
1.584447918072817985e-01
1.588794020833786957e-01
1.593243796655977040e-01
1.597798940347857910e-01
1.602461207469071947e-01
1.607232416711728007e-01
1.612114452412269916e-01
1.617109267202322120e-01
1.622218884807611894e-01
1.627445403004766089e-01
1.632790996746558976e-01
1.638257921467070055e-01
1.643848516579103081e-01
1.649565209177311920e-01
1.655410517961524997e-01
1.661387057396055966e-01
1.667497542122118870e-01
1.673744791641958995e-01
1.680131735294969897e-01
1.686661417547861974e-01
1.693337003622960024e-01
1.700161785490935107e-01
1.707139188256703022e-01
1.714272776969968104e-01
1.721566263894890869e-01
1.729023516276725903e-01
1.736648564647045034e-01
1.744445611713267008e-01
1.752419041882972983e-01
1.760573431478615891e-01
1.768913559704161087e-01
1.777444420431719962e-01
1.786171234883668912e-01
1.795099465294066887e-01
1.804234829642606119e-01
1.813583317565002906e-01
1.823151207555832876e-01
1.832945085593525036e-01
1.842971865332914960e-01
1.853238810028622896e-01
1.863753556372967912e-01
1.874524140455595123e-01
1.885559026078978129e-01
1.896867135695100015e-01
1.908457884264576909e-01
1.920341216381251104e-01
1.932527647053821906e-01
1.945028306592740952e-01
1.957854990116880967e-01
1.971020212272442118e-01
1.984537267848286990e-01
1.998420299080578000e-01
2.012684370568522951e-01
2.027345552876936019e-01
2.042421016085378127e-01
2.057929134765323909e-01
2.073889606134413921e-01
2.090323583462029011e-01
2.107253827197254070e-01
2.124704876777384899e-01
2.142703246676437023e-01
2.161277650999904876e-01
2.180459261865599907e-01
2.200282007985416011e-01
2.220782921352844885e-01
2.242002541844826946e-01
2.263985391999706887e-01
2.286780537422402892e-01
2.310442252453905887e-01
2.335030816293862943e-01
2.360613472209510955e-01
2.387265592568343087e-01
2.415072106326429935e-01
2.444129264985615002e-01
2.474546850493871963e-01
2.506450968146610170e-01
2.539987625699213769e-01
2.575327387157694270e-01
2.612671523771959992e-01
2.652260296273675211e-01
2.694384346376533790e-01
2.739400754656300951e-01
2.787756336787814981e-01
2.840022614380348087e-01
2.896950518889176984e-01
2.959560421424732857e-01
3.029300140363603844e-01
3.108346654484968052e-01
3.200253217757498825e-01
3.311598950844589218e-01
3.273516751590306861e-01
3.234126973120952098e-01
3.196836726981064913e-01
3.161436645887300001e-01
3.127749519181063920e-01
3.095623796948283046e-01
3.064928689496195791e-01
3.035550407941298157e-01
3.007389237040354879e-01
2.980357225593227022e-01
2.954376342272468925e-01
2.929376987143474942e-01
2.905296778466061047e-01
2.882079555006983873e-01
2.859674548850443254e-01
2.838035694399901887e-01
2.817121047135831002e-01
2.796892291552185994e-01
2.777314322103912048e-01
2.758354884351549852e-01
2.739984266064858787e-01
2.722175030043629818e-01
2.704901781974008990e-01
2.688140967867611031e-01
2.671870696606140072e-01
2.656070583893526127e-01
2.640721614544602192e-01
2.625806020546730957e-01
2.611307172743843052e-01
2.597209484330509910e-01
2.583498324621879005e-01
2.570159941795422953e-01
2.557181393491596011e-01
2.544550484320057815e-01
2.532255709451857184e-01
2.520286203590487162e-01
2.508631694709870241e-01
2.497282462027866912e-01
2.486229297752627909e-01
2.475463472197629022e-01
2.464976701911462953e-01
2.454761120511612937e-01
2.444809251948585060e-01
2.435113985958987093e-01
2.425668555493931955e-01
2.416466515933460013e-01
2.407501725918702040e-01
2.398768329652022913e-01
2.390260740531464090e-01
2.381973626000057076e-01
2.373901893502979865e-01
2.366040677456590913e-01
2.358385327143026067e-01
2.350931395452700023e-01
2.343674628404638083e-01
2.336610955381379084e-01
2.329736480021191991e-01
2.323047471715760925e-01
2.316540357666279915e-01
2.310211715455217918e-01
2.304058266094881902e-01
2.298076867517339084e-01
2.292264508473393914e-01
2.286618302811145864e-01
2.281135484107146005e-01
2.275813400625456007e-01
2.270649510582040120e-01
2.265641377693713987e-01
2.260786666992634919e-01
2.256083140888832939e-01
2.251528655464694884e-01
2.247121156986590096e-01
2.242858678619986113e-01
2.238739337335496904e-01
2.234761330994227135e-01
0.000000000000000000e+00
0.000000000000000000e+00
0.000000000000000000e+00
0.000000000000000000e+00
0.000000000000000000e+00
0.000000000000000000e+00
0.000000000000000000e+00
0.000000000000000000e+00
0.000000000000000000e+00
0.000000000000000000e+00
0.000000000000000000e+00
0.000000000000000000e+00
0.000000000000000000e+00
2.193071887166032075e-01
2.191045460495670005e-01
2.189140713317632991e-01
2.187356905002550977e-01
2.185693344912889025e-01
2.184149391542813123e-01
2.182724451724671888e-01
2.181417979899890058e-01
2.180229477452318987e-01
2.179158492102231948e-01
2.178204617359353890e-01
2.177367492033462915e-01
2.176646799801291998e-01
2.176042268828567994e-01
2.175553671446213977e-01
2.175180823879895864e-01
2.174923586032161127e-01
2.174781861316658904e-01
2.174755596543991032e-01
2.174844781858888965e-01
2.175049450728586131e-01
2.175369679982334103e-01
2.175805589902161108e-01
2.176357344365121016e-01
2.177025151037395023e-01
2.177809261620733960e-01
2.178709972151890994e-01
2.179727623355821875e-01
2.180862601053565053e-01
2.182115336625871094e-01
2.183486307533807069e-01
2.184976037897713996e-01
2.186585099136041932e-01
2.188314110665811052e-01
2.190163740666558057e-01
2.192134706909885100e-01
2.194227777656863887e-01
2.196443772625817914e-01
2.198783564033189863e-01
2.201248077710439011e-01
2.203838294300203005e-01
2.206555250535179036e-01
2.209400040603503035e-01
2.212373817604695869e-01
2.215477795100586067e-01
2.218713248765956936e-01
2.222081518144072010e-01
2.225584008512629941e-01
2.229222192866130992e-01
2.232405734386299079e-01
2.228843782192297951e-01
2.225416829461910884e-01
2.222123444073582921e-01
2.218962260396472042e-01
2.215931977382349927e-01
2.213031356769946112e-01
2.210259221396098928e-01
2.207614453608393867e-01
2.205095993774416896e-01
2.202702838883077996e-01
2.199469884596947922e-01
2.189956234323766071e-01
2.180672310429687122e-01
2.171612099627648895e-01
2.162769861635616131e-01
2.154140113537215961e-01
2.145717615288258995e-01
2.137497356269119075e-01
2.129474542793139968e-01
2.121644586490190054e-01
2.114003093492481111e-01
2.106545854356831893e-01
2.099268834663894079e-01
2.092168166240405969e-01
2.085240138955632982e-01
2.078481193047563014e-01
2.071887911938505022e-01
2.065457015503303073e-01
2.059185353756634862e-01
2.053069900928773117e-01
2.047107749901831975e-01
2.041296106980879932e-01
2.035632286976425953e-01
2.030113708576788967e-01
2.024737889990547990e-01
2.019502444840914068e-01
2.014405078295304907e-01
2.009443583414720069e-01
2.004615837708705051e-01
1.999919799882838023e-01
1.995353506766605889e-01
1.990915070410491094e-01
1.986602675341959945e-01
1.982414575970730120e-01
1.978349094134468911e-01
1.974404616776694044e-01
1.970579593749242076e-01
1.966872535732230864e-01
1.963282012264913057e-01
1.959806649881326024e-01
1.956445130345053074e-01
1.953196188977782133e-01
1.950058613076758873e-01
1.947031240416547959e-01
1.944112957830823052e-01
1.941302699870212922e-01
1.938599447532501907e-01
1.936002227061723868e-01
1.933510108812928896e-01
1.931122206179632927e-01
1.928837674581140027e-01
1.926655710507153008e-01
1.924575550617217135e-01
1.922596470892772025e-01
1.920717785839677894e-01
1.918938847739291020e-01
1.917259045946247964e-01
1.915677806231305125e-01
1.914194590167634935e-01
1.912808894559175077e-01
1.911520250909667928e-01
1.910328224931185093e-01
1.909232416090999029e-01
1.908232457195769005e-01
1.907328014012120987e-01
1.906518784922736076e-01
1.905804500617223896e-01
1.905184923817059006e-01
1.904659849033980001e-01
1.904229102361346959e-01
1.903892541297962093e-01
1.903650054603996944e-01
1.903501562188698037e-01
1.903447015029633982e-01
1.903486395123311081e-01
1.903619715467040896e-01
1.903847020072028107e-01
1.904168384007705050e-01
1.904583913477413126e-01
1.905093745925584003e-01
1.905698050176664049e-01
1.906397026606083123e-01
1.907190907343631892e-01
1.908079956509703135e-01
1.909064470484906906e-01
1.910144778213664907e-01
1.911321241542446869e-01
1.912594255593401127e-01
1.913964249174240906e-01
1.915431685225263969e-01
1.916997061304575867e-01
1.918660910112590101e-01
1.920423800057022012e-01
1.922286335859700879e-01
1.924249159206619930e-01
1.926312949442764988e-01
1.928478424313369022e-01
1.930746340753430879e-01
1.933117495727363910e-01
1.935592727120911960e-01
1.938172914687530946e-01
1.940858981051636067e-01
1.943651892771303957e-01
1.946552661463190892e-01
1.949562344992613050e-01
1.952682048732002906e-01
1.955912926891129888e-01
1.959256183922772065e-01
1.962713076007749913e-01
1.966284912623557091e-01
1.969973058201121008e-01
1.973778933874552888e-01
1.977704019329117047e-01
1.981749854753055984e-01
1.985918042899280089e-01
1.990210251263477004e-01
1.994628214385580911e-01
1.999173736282195135e-01
2.003848693018052962e-01
2.008655035425316870e-01
2.013594791980140020e-01
2.018670071846729863e-01
2.023883068099948113e-01
2.029236061138399994e-01
2.034731422300923021e-01
2.040371617700521001e-01
2.046159212290908080e-01
2.052096874182192110e-01
2.058187379223609947e-01
2.064433615872809102e-01
2.070838590372927057e-01
2.077405432260603091e-01
2.084137400230169079e-01
2.091037888381631904e-01
2.098110432882595022e-01
2.105358719077176088e-01
2.112786589078149979e-01
2.120398049882075975e-01
2.128197282051136896e-01
2.136188649009808926e-01
2.144376707009414129e-01
2.152766215819089113e-01
2.161362150207966903e-01
2.170169712290195008e-01
2.179194344812349915e-01
