3.057958902090702202e-01
9.929186151521419701e-01
-2.164450161746931944e-01
-1.089297161912869925e-02
3.115342904886654107e+00
1.189506690421034074e+00
1.151441993284401111e+00
1.187886229634368629e+00
1.159999890589709759e+00
1.202998966053966834e+00
1.174540676772098502e+00
1.162695816705308083e+00
1.159133013926158862e+00
1.198647693477725706e+00
1.190560091329230907e+00
1.179833141925728857e+00
1.236846814644451564e+00
1.083648468736380321e+00
1.111809768855440916e+00
1.162656800244949773e+00
1.096074345816525186e+00
1.131370336125035125e+00
1.087734991980059629e+00
1.118679162447806075e+00
1.081134894012726333e+00
1.109408498411786903e+00
1.161147765560858414e+00
1.092152833875127182e+00
1.126597680748168351e+00
1.080291223027233904e+00
1.108906900197005108e+00
1.163209053265079840e+00
1.096485530106157125e+00
1.135281919783737159e+00
1.089704578198056106e+00
1.231242745033392927e+00
1.199563799819124199e+00
1.176665032562173918e+00
1.158140690756694013e+00
1.142379066600277993e+00
1.163752594647391669e+00
1.116248805692023227e+00
1.125091981490887960e+00
1.094916527205704426e+00
1.104610843427788591e+00
1.156936093248519981e+00
1.084534332536301049e+00
1.117065783053329930e+00
1.077777262257318958e+00
1.107042787860911259e+00
1.168161425298319900e+00
1.101706572176115007e+00
1.150696352323964833e+00
1.097450092890200013e+00
1.140993571804856499e+00
1.096025185503083588e+00
1.138251995262616001e+00
1.087400345833793303e+00
1.122570062219860887e+00
1.082556219923874297e+00
1.114846491870397527e+00
1.088042452750202393e+00
1.123846199018729397e+00
1.096603316244362469e+00
1.140164835923783926e+00
1.124329066861946558e+00
1.116511569253195280e+00
1.119550135170453098e+00
1.143018781845049903e+00
1.155671738197186382e+00
1.172519597532683200e+00
1.122991873029842935e+00
1.115056184307803955e+00
1.115218710675730085e+00
1.123063413674579625e+00
1.155244133053130895e+00
1.161946610572188510e+00
1.172506410600920645e+00
1.114474452236045243e+00
1.116605552319225980e+00
1.117674235071486111e+00
1.111619941268110034e+00
1.119314577064624894e+00
1.183611959470255215e+00
1.157951345959935541e+00
1.185710592035151612e+00
1.233878231614598198e+00
1.236088414461659069e+00
1.224803017052209508e+00
1.205518043648400761e+00
1.235256044106705531e+00
1.221986611394722422e+00
1.196886843878456341e+00
1.263478329611648077e+00
1.241788994322975848e+00
1.270103472387004384e+00
1.294934953302177005e+00
1.236973285623826024e+00
1.290824387169636100e+00
1.269873363436785363e+00
1.255567674460560834e+00
1.274336056476668366e+00
1.270281165288114078e+00
1.269828918720548927e+00
1.269516361986261277e+00
1.282328428477327309e+00
1.288230334369458996e+00
1.284416524335537435e+00
1.257566175217207816e+00
1.248123979296101416e+00
1.307604607393076490e+00
1.282000583564564034e+00
1.260770766377089958e+00
1.245634249859065124e+00
1.283033665669291112e+00
1.281312198716060724e+00
1.297298211406952229e+00
1.292540661246461831e+00
1.305815945959762470e+00
1.289394046407111416e+00
1.325579810694435645e+00
1.334139064144932885e+00
1.369349770312066505e+00
1.408965674830191528e+00
1.418560445177856622e+00
1.411780526748320108e+00
1.421288629746391807e+00
1.409610283785498019e+00
1.410575242250225791e+00
1.409188706066637042e+00
1.398574233290308166e+00
1.404550410180707143e+00
1.387432180172845309e+00
1.398612372088938072e+00
1.406930031460946084e+00
1.386106594810683212e+00
1.401830894025391627e+00
1.427032752142374905e+00
1.465636294224416769e+00
1.443384913341389408e+00
1.440727535042114482e+00
1.427662692333169892e+00
1.429180672107414951e+00
1.434831318386386556e+00
1.444759558126501586e+00
1.454092586625808092e+00
1.459996286947310873e+00
1.467250520067635788e+00
1.459033803604889545e+00
1.459770183473084293e+00
1.429161690524638706e+00
1.482361774154197898e+00
1.460199283614423083e+00
1.434685382914141050e+00
1.429347749607999596e+00
1.411749512685425367e+00
1.419290648425722390e+00
1.425108986683389034e+00
1.441745760685890776e+00
1.448754178471939102e+00
1.446436814085983125e+00
1.454811506155315071e+00
1.447658558569921983e+00
1.461555757141144607e+00
1.466308694474472096e+00
1.487417039939512575e+00
1.515114852407347446e+00
1.509371083235121924e+00
1.439698463977324483e+00
1.452385779833147206e+00
1.506514737039080343e+00
1.507757998507863517e+00
1.501064674969948110e+00
1.506755574277699905e+00
1.495866050856440088e+00
1.480886378617362054e+00
1.448361281494831676e+00
1.454150820461559412e+00
1.482954101748511500e+00
1.452299445905351982e+00
1.481797550726164481e+00
1.442426688172380400e+00
1.434402427355749632e+00
1.435550386511930787e+00
1.442466820296385954e+00
1.450039036611544985e+00
1.458326102986394313e+00
1.467298258539409650e+00
1.477047869878399755e+00
1.487692995251079786e+00
1.499388607862769840e+00
1.512496263507351113e+00
1.527528422064333924e+00
1.544957867697812404e+00
1.566666254222386589e+00
1.594222638509559697e+00
1.635191666847053193e+00
1.670544597200213310e+00
1.674410545135952111e+00
1.671355757091190553e+00
1.668781952602568452e+00
1.720489778476503417e+00
1.676269981511691265e+00
1.665289468502990422e+00
1.648703850770642410e+00
1.698930793588148580e+00
1.678734473892171897e+00
1.669709821128714466e+00
1.673385981516933629e+00
1.668773434452423654e+00
1.737677811539444894e+00
1.707445841602251768e+00
1.694730746906137675e+00
1.667862508083832074e+00
1.905689297111031522e+00
1.928363232523512050e+00
1.941988029325367959e+00
1.942459590349568055e+00
1.903874266749912891e+00
1.896645640929295107e+00
1.916170149494492048e+00
1.864112177380588875e+00
1.886387992645713663e+00
1.906790733989554898e+00
1.924099165607779938e+00
1.922610191951008352e+00
1.935755815829158344e+00
1.966919357761980791e+00
1.896405602451000982e+00
1.908904071615978415e+00
1.953235846786723906e+00
1.894653381917940305e+00
1.940370205038596474e+00
1.889468270575417552e+00
1.921219684581219944e+00
1.994701170158836412e+00
1.912318515209354697e+00
1.952909888144811923e+00
1.898983262694477592e+00
1.864895292197470411e+00
1.838494496753754870e+00
1.933654236657584846e+00
1.932840320052823913e+00
1.965527601802969926e+00
1.993250704812750351e+00
1.953811307690243915e+00
1.943337582564700794e+00
1.953300572325507245e+00
1.968293671746738749e+00
1.918624346050366913e+00
2.003257166547990131e+00
1.936474686268606415e+00
1.953056379815871102e+00
1.972045994715980743e+00
1.985042106467197032e+00
2.017837643832474992e+00
2.023903451442349066e+00
2.009788741475595941e+00
1.967650466464964776e+00
1.922188039872865906e+00
2.033940518257685071e+00
2.012427876333690691e+00
2.044942209124124055e+00
1.969553192143927101e+00
1.994932301754303916e+00
2.001801252626952632e+00
2.070448166901365017e+00
1.986896271438983952e+00
1.999876624403507552e+00
2.042038415131726570e+00
2.022178708756773080e+00
2.007097092452343468e+00
2.044478638774601009e+00
2.070156819617946731e+00
2.047492816184542264e+00
2.023039417236109028e+00
2.223714940535825857e+00
2.226663555230445901e+00
2.190677363421079882e+00
2.147260427271980632e+00
2.222589450464874439e+00
2.155819425672035550e+00
2.288090525366209604e+00
2.293286922485690660e+00
2.272403725459314128e+00
2.202468401554219746e+00
2.167368623016502571e+00
2.232229491027124979e+00
2.253865105244436062e+00
2.260922924850805593e+00
2.251051266474147550e+00
2.233234028001022331e+00
2.190530747949017254e+00
2.159283036239424192e+00
2.133996452854665105e+00
2.112563936878494975e+00
2.093906907022170749e+00
2.077384350209232178e+00
2.062578113471170038e+00
2.049197384477994266e+00
2.037030229785449897e+00
2.025916603891487533e+00
2.015732225772858044e+00
2.006378405872633053e+00
1.997775339181699916e+00
1.989857521010208075e+00
1.982570517774914887e+00
1.975868633537317676e+00
1.969713186683862416e+00
1.964071213145106354e+00
1.958914474689428031e+00
1.954218689897668781e+00
1.949962930686184315e+00
1.946129143987725518e+00
1.942701769545059909e+00
1.939667432617774301e+00
1.937014695929933250e+00
1.934733859149163182e+00
1.932816797077240079e+00
1.931256829875368064e+00
1.930048620264772863e+00
1.929188093888562827e+00
1.929123450133241047e+00
1.931535482284479910e+00
1.934320619356982407e+00
1.937526234029111949e+00
1.941289634593062363e+00
1.945469630386895243e+00
1.950083729409179512e+00
1.955152217743912013e+00
1.960698614920157290e+00
1.966750247236524807e+00
1.973338976610252038e+00
1.974201636717167974e+00
1.967121488659913098e+00
1.973231442572493055e+00
1.978976457997948080e+00
1.978462139089620431e+00
1.978572757889628830e+00
1.980140125217815683e+00
1.978884068030974053e+00
1.954347599367662447e+00
1.934120716673474849e+00
1.916824738468442924e+00
1.901705574399343179e+00
1.888296814403159996e+00
1.876285968397612303e+00
1.865451545756201090e+00
1.855629866812561701e+00
1.846696037507814747e+00
1.838552328084932297e+00
1.831120709547418901e+00
1.824337861874840039e+00
1.818151721771561924e+00
1.812519027354271950e+00
1.807403530121484803e+00
1.802774666497815925e+00
1.798606553933872476e+00
1.794877221392367384e+00
1.791568012576353564e+00
1.788663118892951598e+00
1.786149211622485966e+00
1.784015151303739222e+00
1.782251758317138890e+00
1.780851632909589810e+00
1.779809016012495082e+00
1.771652165336069507e+00
1.763721443469067784e+00
1.756460209330438005e+00
1.749809749925660185e+00
1.743721542771597077e+00
1.738155073003020412e+00
1.733076232423578000e+00
1.617651302260338708e+00
1.617018084479501683e+00
1.615193496367475667e+00
1.614714171656878250e+00
1.611216591290467903e+00
1.610782610024459105e+00
1.605382909588348506e+00
1.598474687841267228e+00
1.592154658598064598e+00
1.586606528026649920e+00
1.581499943486599946e+00
1.576807737537456733e+00
1.572506614012613380e+00
1.568576512339290963e+00
1.565000108743617835e+00
1.561762420778276095e+00
1.558850491056103182e+00
1.558337374816204157e+00
1.556106104680176072e+00
1.552796651430000452e+00
1.552035048240869353e+00
1.551546952118222578e+00
1.551330790979500218e+00
1.549575501104483388e+00
1.546232309510116476e+00
1.545908329421576966e+00
1.545854037004235293e+00
1.541558637199032411e+00
1.367738717034870710e+00
1.382775418371144482e+00
1.383413809453653665e+00
1.368224772624052843e+00
1.423863180970674103e+00
1.411065017534845811e+00
1.436332514528025017e+00
1.383670287565736734e+00
1.360641852687145548e+00
1.391545074719935160e+00
1.355132167629449214e+00
1.417761359444242419e+00
1.391669977144790016e+00
1.407158731870671753e+00
1.387886773564720233e+00
1.458954605181971287e+00
1.435439908404297915e+00
1.426349133547484493e+00
1.414863872474663609e+00
1.419414961719776880e+00
1.415883941030589899e+00
1.423129480829294025e+00
1.414688069487358035e+00
1.406271448154830184e+00
1.415696449427890746e+00
1.397210710821661594e+00
1.406714829619376772e+00
1.437958017874999106e+00
1.436911123336012341e+00
1.415970943815950234e+00
1.365380403642408869e+00
1.400701875755684611e+00
1.391366384186949023e+00
1.389072685591570488e+00
1.432200472604861163e+00
1.375774891926279553e+00
1.399101045895077000e+00
1.362514547258518727e+00
1.355163472425862103e+00
1.393465060188643578e+00
1.419150261368548938e+00
1.374688785639412103e+00
1.388347274372343065e+00
1.412178217231378374e+00
1.372470820277020609e+00
1.359245411082212307e+00
1.411035290758643201e+00
1.372647703516157058e+00
1.389724677460518087e+00
1.415548504120993423e+00
1.375743182788542907e+00
1.391010840350208388e+00
1.411560734549959006e+00
1.428940071953354041e+00
1.382886618546081081e+00
1.355749190533729553e+00
1.335028398838213004e+00
1.317915384558908887e+00
1.161635483705766303e+00
1.154431414341394291e+00
1.092117282999154559e+00
1.076964052816354211e+00
1.088857083488915523e+00
1.080345089056311769e+00
1.078405967626419493e+00
1.098830841712088446e+00
1.093170437581029386e+00
1.078266824055258644e+00
1.109698249241713564e+00
1.100107110147534373e+00
1.103960724440738339e+00
1.085413645756841516e+00
1.105156494907314491e+00
1.083745350497674620e+00
1.081960877004872312e+00
1.065289576802211702e+00
1.032003735971305014e+00
1.057684201031746429e+00
1.042808356592787922e+00
1.070733848046815595e+00
1.053678351348515063e+00
9.963066687852220049e-01
9.914783389898743637e-01
1.015830056731034103e+00
9.900308422915233830e-01
9.887094186708381693e-01
9.875110330773035905e-01
9.866842650887676092e-01
9.845284824720116346e-01
9.927846417878479768e-01
1.006111834059840726e+00
1.005205375303543924e+00
9.904855753883495817e-01
9.969330104849664087e-01
1.013849740179283421e+00
9.671946951006900051e-01
9.810218735843684312e-01
1.008352593393162300e+00
9.655885240590543761e-01
9.840882100754787531e-01
9.529380655424527502e-01
9.798035841068863938e-01
9.503859964039653718e-01
9.291606844212050298e-01
9.119880423882091858e-01
8.973622680065564960e-01
8.845314494503423441e-01
8.748986163348388967e-01
8.753279852966515673e-01
8.730483208950581275e-01
8.734944648481834939e-01
8.740405481334099225e-01
8.735857219235669824e-01
8.726212358799629865e-01
8.682446872500948487e-01
8.682215773278052495e-01
8.642737051905222678e-01
8.656052577059581976e-01
8.670459578694998948e-01
8.658939776548320033e-01
8.674481626532593026e-01
8.666433884584141545e-01
8.656847718488140941e-01
8.673755840835313258e-01
8.671224612464946135e-01
8.645396329891281706e-01
8.663315666759110467e-01
8.682425910946247605e-01
8.676083514058976487e-01
8.668556923694185068e-01
8.688856834808358354e-01
8.681621106519555875e-01
8.682597723213771879e-01
8.682533614718952464e-01
8.674084422117398496e-01
8.696330000281944361e-01
8.691524746362515597e-01
8.695404359635281466e-01
8.690635923843389454e-01
8.681281354013754559e-01
8.704863978020710436e-01
8.694331556655645610e-01
8.686566711320404810e-01
8.710723990203953493e-01
8.698520958890865185e-01
8.679219494236664056e-01
8.703264385753608501e-01
8.683305901638679325e-01
8.707736412519914149e-01
8.614556953945068374e-01
8.635238141033818593e-01
8.657178874173570016e-01
1.328156526656004921e+00
1.294444398292178500e+00
1.270137397705813020e+00
1.250495880829872508e+00
1.233796577753631496e+00
1.219178583195907439e+00
1.206137658163793924e+00
1.194348057139984931e+00
1.183584763363188630e+00
1.173684559073256972e+00
1.164524559825198313e+00
1.156009492052999521e+00
1.148063716642001797e+00
1.140625997391133684e+00
1.133645940373286809e+00
1.127081494316678700e+00
1.120897149088285527e+00
1.115062607619571100e+00
1.043909117405619646e+00
1.014819917450580977e+00
9.944085152159044538e-01
9.780685350321526306e-01
9.642393641191292497e-01
9.521638863927015528e-01
9.414060286174164016e-01
9.316871654857535878e-01
9.228163289303747963e-01
9.146558062906183784e-01
9.071023839663123756e-01
9.000763263283388937e-01
8.935145131078150449e-01
8.873659634067814217e-01
8.831873728702267501e-01
8.808808184006794439e-01
8.840670137858549493e-01
8.817237820370763535e-01
8.849496254254559657e-01
8.857213428332431082e-01
8.896303547524941902e-01
8.937331379949737808e-01
8.980412242649931098e-01
9.025675316979822060e-01
9.073266004007100038e-01
9.123348828159107970e-01
9.176111053698867703e-01
9.231767240517554374e-01
9.290565056183237580e-01
9.352792796112523455e-01
9.418789269686848042e-01
9.488957032756035748e-01
9.563780467392878348e-01
9.643851077900463808e-01
9.729903877498538023e-01
9.822871471749772265e-01
9.923967675560277923e-01
1.003482319048472737e+00
1.015771954716499614e+00
1.029602563497687751e+00
1.045510465432426095e+00
1.064451754347705892e+00
1.088493662106160054e+00
1.091021998805996374e+00
1.093009277316082883e+00
1.105782544639491105e+00
1.110073046481502068e+00
1.112259976659626837e+00
1.114627148249103694e+00
1.117180353279429994e+00
1.119926059808389995e+00
1.122871490685232176e+00
1.126024716782432877e+00
1.129394767869142502e+00
1.132991765181535104e+00
1.136944082985358095e+00
1.141158997522904395e+00
1.145646979998989901e+00
1.150425578839159968e+00
1.155514881951900996e+00
1.160938027167765174e+00
1.166721856191976325e+00
1.172897764640479235e+00
1.179502825197384475e+00
1.186581299580218296e+00
1.194186717939809128e+00
1.202384810478762001e+00
1.211257762544314831e+00
1.220910608015237431e+00
1.231481245901726806e+00
1.243842849846928500e+00
1.258056918586469841e+00
1.271021242176010091e+00
1.283408514525323563e+00
1.287807472757189098e+00
1.290663451263135642e+00
1.293757891204182942e+00
1.297100187723564169e+00
1.300700940963615437e+00
1.304572126337375959e+00
1.308727301192797565e+00
1.313181857469938985e+00
1.317953333151286488e+00
1.323061799798445515e+00
1.328530349882866890e+00
1.334385716944016309e+00
1.340659075442818038e+00
1.347387088167077973e+00
1.354699123542065120e+00
1.362688494620674984e+00
1.371318173556502762e+00
1.404693307369255795e+00
1.390864482998728890e+00
1.402032595827221950e+00
1.414370344314417993e+00
1.428148093373422300e+00
1.443768064511623761e+00
1.461877715842722303e+00
1.483652386335782003e+00
1.511724828833784340e+00
1.555988568701158759e+00
1.579908629780853779e+00
1.585117153392662237e+00
1.590742763826608064e+00
1.596814052128217254e+00
1.603364421378271176e+00
1.610433193387373674e+00
1.618067078374191281e+00
1.626322164208418020e+00
1.635266668836119708e+00
1.644984847726350896e+00
1.655582711504883786e+00
1.667196700694562495e+00
1.680007439416385751e+00
1.685808827576600777e+00
1.690255221946640907e+00
1.695078577246692308e+00
1.700298669734038981e+00
1.705938220802142968e+00
1.712023439885661968e+00
1.718584713241001927e+00
1.725657488767897707e+00
1.733283428977355989e+00
1.741511938030078310e+00
1.750402222341911562e+00
1.760026131791239568e+00
1.770472176788310925e+00
1.781851378043135758e+00
1.794306090487292504e+00
1.808023894408689491e+00
1.823260652805854365e+00
1.840381455006992795e+00
1.860159445928136757e+00
1.883845640339486982e+00
1.913142585428593501e+00
1.953416758675071918e+00
2.019773572979249199e+00
1.989832258802259890e+00
1.955065614005716323e+00
2.013360876139412614e+00
1.991821993087319997e+00
1.965850603246758421e+00
2.013973960987712530e+00
1.983467534105712415e+00
1.902255975278412059e+00
1.941595271447495996e+00
1.976434817712824810e+00
1.980941779461925067e+00
1.994643516153713936e+00
1.971142656084724054e+00
2.017957756445914352e+00
1.974920991367900891e+00
1.932216374754808896e+00
1.972152198709836046e+00
1.931772309650443553e+00
1.970699479000898924e+00
2.059671520402361011e+00
1.988384352097701591e+00
1.951154762851793567e+00
2.000254991120603787e+00
1.952892382490102330e+00
2.002213036309195004e+00
1.942291119550177525e+00
1.983886011447600906e+00
1.928975277223669016e+00
1.963779298532401629e+00
2.020196153256456739e+00
1.960663875305391990e+00
2.012365691534010459e+00
1.963111103770115218e+00
2.015468650843102782e+00
1.914948948642449578e+00
1.942696064269523015e+00
1.979383007762341551e+00
2.044519747204380344e+00
2.001372147020481052e+00
1.942234976563955495e+00
1.973311092454145044e+00
2.017537844287958571e+00
1.962762467813224054e+00
1.999035796123578290e+00
2.061279428722043949e+00
1.908380313551860441e+00
1.854108188374238297e+00
1.840859441445516831e+00
1.839724455928534841e+00
1.859478089519166932e+00
1.888134269387243602e+00
1.848417462918584109e+00
1.866629481073973196e+00
1.827048938931098432e+00
1.827748851659750873e+00
1.763071434930643111e+00
1.759709750278473539e+00
1.751191984188844364e+00
1.737813216437257058e+00
1.722504807882959232e+00
1.776904400708195109e+00
1.773354834903701605e+00
1.808215212593052845e+00
1.482651987719295184e+00
1.460577352016878994e+00
1.481684900605055422e+00
1.507673767503685092e+00
1.543171673364033492e+00
1.513655748144606461e+00
1.552470481289123905e+00
1.547940937982248411e+00
1.571326806021334788e+00
1.513738749184935894e+00
1.552700962314710109e+00
1.545510571076065709e+00
1.542336978254886803e+00
1.552344605740389794e+00
1.566259811389781431e+00
1.578513604406302395e+00
1.578082535664293351e+00
1.564199474905964227e+00
1.551432311483152970e+00
1.535113568762186853e+00
1.504121051876527559e+00
1.544795453308394295e+00
1.505694874555472573e+00
1.549140747719948585e+00
1.518391785476736588e+00
1.582652869466469436e+00
1.557290762007933704e+00
1.562987614167852701e+00
1.567988460945275220e+00
1.565111637829333491e+00
2.016531686264364076e+00
2.002734430039128100e+00
2.003105914151745104e+00
1.970691805433147037e+00
1.968856507679336731e+00
1.995037867688199240e+00
2.015640217180739935e+00
1.947704328612192892e+00
1.964309684865516825e+00
1.994973481568572460e+00
1.941828571505598955e+00
1.968289758402892886e+00
2.020754420883496216e+00
1.953871214976042436e+00
1.990082662477876019e+00
1.942242740335831108e+00
1.966680948276541052e+00
1.928963351622611233e+00
1.968463468928844495e+00
1.930828825370490387e+00
1.969120288437743671e+00
2.006838080824465020e+00
1.954672022994538461e+00
1.992002247039281526e+00
1.947496490333232799e+00
1.988624925733946780e+00
1.946246882354794483e+00
2.006336631638423906e+00
1.956975292818637691e+00
2.048843392828646248e+00
1.974234675862583943e+00
2.057435565731065896e+00
1.977451812424087629e+00
2.039030267714810662e+00
1.974650100143692910e+00
2.003423125502808766e+00
2.010284632787913139e+00
2.038041990533896008e+00
2.030174671478056414e+00
2.016273555856479938e+00
2.011012209307886156e+00
2.077986803011849126e+00
2.006006559140905754e+00
2.022857882671317054e+00
1.982329531024610736e+00
1.953634661439157094e+00
1.930713776229175949e+00
1.911431293878883997e+00
1.894733058422758409e+00
1.880005566323567967e+00
1.866854096518963502e+00
1.855006828368449101e+00
1.844267145714211242e+00
1.834487451608701525e+00
1.814890334913423997e+00
1.815663663272350847e+00
1.825320229274673078e+00
1.835910575965981284e+00
1.847575460110208789e+00
1.860501348927507959e+00
1.874944202452361042e+00
1.891272190563725086e+00
1.910049934895109214e+00
1.932228023522402305e+00
1.959665321574131536e+00
1.997220445227632313e+00
1.770420480192155699e+00
1.708303242328072624e+00
1.718544020458711685e+00
1.784881750951093027e+00
1.698733019754053108e+00
1.664717426480298190e+00
1.709095037509664294e+00
1.725988387441294458e+00
1.676310848430704770e+00
1.690135240618956036e+00
1.716173696842480334e+00
1.673172732209307512e+00
1.722441319838513785e+00
2.320179160263960316e+00
2.229725522719653963e+00
2.188157679696436375e+00
2.157420723501697779e+00
2.132443555175060013e+00
2.111225656815638452e+00
2.092729671096543509e+00
2.076334373594747706e+00
2.061632464813590193e+00
2.048339655624148214e+00
2.036248205114957965e+00
2.025200904588327244e+00
2.015075472459789019e+00
2.005774676096854225e+00
1.997219801958090901e+00
1.989346182534203589e+00
1.982100039593149621e+00
1.975436199471750864e+00
1.969316403474011157e+00
1.963708034977627914e+00
1.958583145014755944e+00
1.953917695998560911e+00
1.949690967817742759e+00
1.945885086817929599e+00
1.942484649248604089e+00
1.939476418411826497e+00
1.936849080150647495e+00
1.934593045192268379e+00
1.932700289691336781e+00
1.931164227420236301e+00
1.929979608641434474e+00
1.929142441921381179e+00
1.928649936111034968e+00
1.928500460501641589e+00
1.928693521822162804e+00
1.929229757321289096e+00
1.930110943708178484e+00
1.931340022243968058e+00
1.932921140811274974e+00
1.934859714373576844e+00
1.937162505907586318e+00
1.939837730694792706e+00
1.942895187852311967e+00
1.946346424247130447e+00
1.950204937582020071e+00
1.954486427621876077e+00
1.959209107472382305e+00
1.964394090863421205e+00
1.970065877030708457e+00
1.976252962805138846e+00
1.977045276822718023e+00
1.952866929094620785e+00
1.932871283987199096e+00
1.915741691935171964e+00
1.900750484729993639e+00
1.887444685244184850e+00
1.875519462018548911e+00
1.864758059023457593e+00
1.854999906089417561e+00
1.846122249872681920e+00
1.838028891267536880e+00
1.830642930461015006e+00
1.823901902702068423e+00
1.817754407368705971e+00
1.812157706356765985e+00
1.807075972602164349e+00
1.802478987170865521e+00
1.798341153634201772e+00
1.794640741907827186e+00
1.791359301426974415e+00
1.788481201656701103e+00
1.785993270088616303e+00
1.783884506207162213e+00
1.782145855741215090e+00
1.780770033686055687e+00
1.779713715496815674e+00
1.771094213948575691e+00
1.763210794101276013e+00
1.755992520852306171e+00
1.749381453527040886e+00
1.743329671308529116e+00
1.737797137006218851e+00
1.732750128129618927e+00
1.414641821022899926e+00
1.407888611572026161e+00
1.418583738345049028e+00
1.455142424309867621e+00
1.436465495034684903e+00
1.450954084167300984e+00
1.395507264105170009e+00
1.481459562037143129e+00
1.470925313442000393e+00
1.458415870895233502e+00
1.466145580649737656e+00
1.425994130437058693e+00
1.386248437769824093e+00
1.359331674413617908e+00
1.338043715677221801e+00
1.320148813095630924e+00
1.304597267663905935e+00
1.290795242434759516e+00
1.278367626592852746e+00
1.267059360244651600e+00
1.257514778080611517e+00
1.247115898086762931e+00
1.238239276474903283e+00
1.229974857696898072e+00
1.222255887313336009e+00
1.198327296679022158e+00
1.165921267774871373e+00
1.142857963660829812e+00
1.124303600587858165e+00
1.108560181647731291e+00
1.094791756342749389e+00
1.082512831321156499e+00
1.071411523546705435e+00
1.061273252808422773e+00
1.051942838193376417e+00
1.043303717334140401e+00
1.038035597991987524e+00
1.045034807219442197e+00
1.052511270127201026e+00
1.055771826360656362e+00
1.062871037445719979e+00
1.070459621903024905e+00
1.067347747458471385e+00
1.045875882914537147e+00
1.030798367085365541e+00
1.024561113782622046e+00
1.032172768000984897e+00
1.040338985747717215e+00
1.040517895955324734e+00
1.036913857049948318e+00
1.034230372031967660e+00
1.029767678293683986e+00
1.023594276471014197e+00
1.024061995074190712e+00
1.018156132650674950e+00
1.022696230470646839e+00
1.019739634405038897e+00
1.016862519758056305e+00
1.009236288713284413e+00
1.005280588283321785e+00
9.979005865233779859e-01
1.007284813402020696e+00
1.003626765305654978e+00
1.000333024116521807e+00
1.000420474158737916e+00
9.906695601110200311e-01
9.953202248592072365e-01
9.910853046696072033e-01
9.881212504788331463e-01
9.843897171472102414e-01
9.844284032545531637e-01
9.831056234051201992e-01
9.829920631557236277e-01
9.809290059539391704e-01
9.789627741213468015e-01
9.707092309191683865e-01
9.714678792831383802e-01
9.715724103243648102e-01
9.614260886124061933e-01
9.653264796309731777e-01
9.715246454197471460e-01
9.660977457841551930e-01
9.694973150082926150e-01
9.660869245794617699e-01
9.681003836381062433e-01
9.682780760174829471e-01
9.747926237988590037e-01
9.816941321432948175e-01
9.890231332806159736e-01
9.968282063710447449e-01
1.005168401671286738e+00
1.014116697665272460e+00
1.023765087246281791e+00
1.034232344509383061e+00
1.045676435595561227e+00
1.058315505653580457e+00
1.072466048449692844e+00
1.088619440376501268e+00
1.107618241114369795e+00
1.131160976901974369e+00
1.163993461157118103e+00
1.205514511727482363e+00
1.188436626161464060e+00
1.189722577632678746e+00
1.161116464483115562e+00
1.226825591480501076e+00
1.212186025432140823e+00
1.187463493601127906e+00
1.186546933948238403e+00
1.201341457063440865e+00
1.222624875367871011e+00
1.194755053198915062e+00
1.182434443667149671e+00
1.156100179876401901e+00
1.200330218212338096e+00
1.169129092961227023e+00
1.156384710526790371e+00
1.199272323773227678e+00
1.173055529039203515e+00
1.151810417034912160e+00
1.189567474826294768e+00
1.152045960557372073e+00
