2.927373707784550749e-01
1.399999999678785523e+00
9.365625276061991800e-01
9.209495041393546133e-01
9.023987704420596279e-01
9.267475659233141982e-01
9.260070388204674208e-01
9.097062525635032371e-01
9.236730448318731801e-01
1.002910731105806974e+00
9.653365571113223798e-01
9.509380256131152453e-01
9.700614647007596014e-01
9.955166618194324357e-01
1.044291575863238508e+00
9.188991163934630002e-01
9.129836854348172270e-01
9.161637486130818075e-01
9.031220469196366007e-01
9.601388927849472399e-01
9.122354650635281503e-01
9.328017701912080240e-01
1.234049370421211655e+00
1.182465668238251277e+00
1.208461930267427098e+00
1.170795770903032551e+00
1.200209339519717755e+00
1.165671850973185597e+00
1.193785724628076306e+00
1.161267047357037674e+00
1.209536517251176502e+00
1.169710058517988926e+00
1.039529772786602857e+00
1.189967443300626870e+00
1.158017350756882724e+00
1.240950230286205658e+00
1.178771057130412636e+00
1.015503523186134238e+00
1.032660516155503139e+00
1.188452854052857610e+00
1.083570522977230111e+00
1.117776861511827757e+00
1.198705546563834323e+00
1.189577330206203376e+00
1.214177080337471182e+00
1.251025823045367025e+00
1.329667759012094441e+00
1.328642027075023435e+00
1.327544299660594840e+00
1.327329971924879448e+00
1.325762730051552873e+00
1.325430883144802063e+00
1.325172158750979490e+00
1.323713762265146032e+00
1.323645584266865072e+00
1.323770498280667063e+00
1.324088790700573171e+00
1.324601193275929178e+00
1.325308890048027655e+00
1.326213528673875652e+00
1.327317236389295552e+00
1.328622640973390556e+00
1.330132897201210085e+00
1.331851719416969670e+00
1.333783421033666095e+00
1.335932961975565769e+00
1.338306005339674476e+00
1.340908984876941767e+00
1.343749185304708105e+00
1.346834837987763045e+00
1.350175235206175994e+00
1.353780867119307896e+00
1.357663586715795123e+00
1.388514249319695137e+00
1.411696866015873519e+00
1.442767333998044910e+00
1.505483420610256751e+00
1.546175941652706554e+00
1.561020566425515677e+00
1.577920305556000047e+00
1.597627364416328799e+00
1.621544359140702829e+00
1.652983941150126368e+00
1.707200289368134172e+00
1.692412025793858854e+00
1.698467322229298304e+00
1.697229072129347260e+00
1.719339671953467708e+00
1.604267648451393580e+00
1.629932083858295133e+00
1.665149195720444508e+00
1.671540968525165205e+00
1.563896925810144056e+00
1.586688327889169914e+00
1.647640611772223540e+00
1.643748479545481089e+00
1.660118113964387243e+00
1.731145444189354343e+00
1.655458701395652765e+00
1.714012747596785902e+00
1.642366069435824194e+00
1.685614873920580292e+00
1.632695136576942208e+00
1.669706813239482557e+00
1.622889715723605297e+00
1.655279002772544805e+00
1.715102580434292756e+00
1.644893305999011623e+00
1.691361299736111157e+00
1.642070627824717244e+00
1.686476075655953144e+00
1.632436219607660499e+00
1.670457581600581110e+00
1.625110132719404854e+00
1.659663648933367819e+00
1.657244823359729891e+00
1.657931032376475544e+00
1.636623231773793430e+00
1.712513225728416799e+00
1.707824667399723495e+00
1.681158922082849783e+00
1.701749308867629207e+00
1.726890189962150934e+00
1.760357099164862715e+00
1.822688539529114360e+00
1.769079591290315445e+00
1.757847897303634888e+00
1.816911321989318706e+00
1.782467946305850814e+00
1.741606351492309246e+00
1.784174705449111942e+00
1.732597548404827048e+00
1.770066750397353506e+00
1.635754613906684085e+00
1.650265483576130343e+00
1.666690496630911289e+00
1.685660205724830885e+00
1.708282631623847525e+00
1.736893951054153229e+00
1.778827303632438905e+00
1.730789180896521673e+00
1.769598856408923560e+00
1.726202991279397692e+00
1.763349847462442055e+00
1.727391416512138900e+00
1.766029185166034354e+00
1.722225043631607555e+00
1.758916271599132441e+00
1.675554747502575603e+00
1.688293957167186221e+00
1.713908599650085129e+00
1.748474053712381515e+00
1.823022124623232321e+00
1.744676525389716071e+00
1.813327446552174704e+00
1.760448843002142771e+00
1.738051987500019102e+00
1.800256854874868084e+00
2.008172139202152096e+00
1.966968918092816709e+00
2.000253704573934144e+00
2.055242773373524123e+00
1.986076652394745290e+00
1.950214854630337280e+00
1.989137446230108797e+00
1.951405833255324795e+00
2.010614319013832141e+00
1.963419592469568098e+00
2.034281597483466708e+00
1.973243260132548471e+00
1.938652723119955956e+00
1.998434169285054907e+00
1.954217349810352777e+00
2.043585203426521613e+00
1.972256383018442749e+00
1.936248148338962416e+00
1.999963526324849639e+00
1.952619012025244016e+00
1.921407063585985897e+00
1.972052603820844796e+00
1.934259445659957111e+00
1.986845586783092088e+00
1.942615033647068890e+00
2.041135788528118500e+00
1.962813920592530348e+00
1.926293020134369094e+00
1.989965785894076022e+00
1.941807488484133648e+00
2.016552790764492897e+00
1.952060645671676475e+00
1.917037796078928436e+00
1.967639100619086090e+00
1.926501261331877268e+00
1.967384214388270047e+00
2.005175523870939447e+00
1.956891149645783923e+00
2.244612503007266557e+00
2.210140457364817568e+00
2.207835431400592796e+00
2.227410544964334438e+00
2.172058183423287492e+00
2.193837415155324599e+00
2.152448606631685912e+00
2.192896845706089781e+00
2.151464080603414875e+00
2.210040639539649909e+00
2.161276405716492821e+00
2.239628231789637880e+00
2.174402529285420549e+00
2.137966048873573222e+00
2.192732233432332034e+00
2.149654341435657035e+00
2.203833891106755427e+00
2.155377319645030099e+00
2.219806273492368032e+00
2.162568969566971422e+00
2.241053918953789026e+00
2.168756887031208169e+00
2.241175194342591048e+00
2.166891236586808933e+00
2.129267506151546918e+00
2.175097154046724324e+00
2.133855375483504790e+00
2.182117641980210188e+00
2.136917393315264313e+00
2.193622805056141711e+00
2.142095530207504428e+00
2.205464343187140130e+00
2.145840836819219888e+00
2.181742324614138528e+00
2.132518424917840605e+00
2.154020701635409818e+00
2.160616446501100185e+00
2.198248912779287245e+00
2.149038483823809020e+00
2.134091975668483965e+00
2.134540530792944146e+00
2.172869742645235469e+00
2.108518622284533794e+00
2.155357496481416835e+00
2.098867985609450315e+00
2.135142763662899235e+00
2.086928000814327167e+00
2.129452208839922811e+00
2.082290520906497022e+00
2.122795311792628148e+00
2.076788833021523839e+00
2.117565476611636743e+00
2.072366784671169970e+00
2.117457966015384496e+00
2.070685584239532417e+00
2.126910746287861809e+00
2.074374988969800881e+00
2.041165815914638415e+00
2.107056772834914771e+00
2.062105854364129076e+00
2.041670074082215791e+00
2.111028346372681774e+00
2.064602498845722778e+00
2.031218293051421320e+00
2.119452591211517856e+00
2.066336445865966986e+00
2.033007285361445149e+00
2.035399464253132784e+00
2.102650449217878137e+00
2.065098993744062028e+00
2.024953589238564167e+00
2.000360831756530899e+00
2.098009848026619384e+00
2.052514335953873115e+00
2.021550866649589828e+00
1.997142300088013300e+00
2.092949871292967945e+00
2.048762166730030199e+00
2.018275480745440831e+00
1.994137640998641103e+00
2.089863346932649080e+00
2.046135703484749602e+00
2.015825656600307436e+00
2.141090284680586375e+00
2.068558188306933054e+00
2.031768000636592131e+00
2.004377336812842803e+00
2.139163732272794771e+00
2.067168415958532179e+00
2.030445599483304164e+00
2.003089086683252695e+00
2.122805128517304851e+00
2.060979925672616453e+00
2.025758287048012196e+00
2.145864139264842763e+00
2.066858551740908378e+00
2.029508917104916765e+00
2.001865978090891396e+00
2.072325004195194165e+00
2.032748065364430978e+00
2.130947190539539182e+00
2.060890612998829141e+00
2.024432854929257619e+00
2.097530703026994292e+00
2.046224473507019415e+00
2.013470158271037036e+00
2.074780511420985185e+00
2.032240275993536738e+00
2.103267604952197001e+00
2.046726067755833878e+00
2.012651383406750760e+00
2.078906193289605575e+00
2.032988883715145079e+00
2.001946564951149199e+00
2.059168662110577586e+00
2.019625202852337598e+00
2.078227053332612151e+00
2.030194666929864944e+00
2.102708111712991546e+00
2.040378245454954165e+00
2.098936768526252106e+00
2.037209143117538979e+00
2.065008354730959894e+00
2.081178486962966812e+00
2.084173568331045612e+00
2.051212628812729033e+00
2.041896519164896340e+00
2.056692513333962857e+00
2.090408091887412834e+00
2.020889192104907028e+00
2.031028310548775195e+00
2.051784401096864663e+00
2.090696885380107783e+00
2.015730167479932167e+00
2.027818744101554049e+00
2.042041097134391858e+00
2.052689269492577129e+00
2.096625522262966168e+00
2.006397963756341607e+00
2.018541701503929087e+00
2.027221683832818755e+00
2.049610838875716823e+00
1.987948849618715208e+00
1.999807939436164750e+00
2.032582547385685778e+00
1.976823597551780054e+00
2.023180536256024453e+00
1.970548104928903976e+00
2.025103322437886710e+00
1.970011216982707536e+00
1.936641556170652034e+00
1.994838080621845089e+00
1.952490623065924691e+00
1.922985384566683997e+00
1.990382659656795505e+00
1.948671181877757563e+00
1.919418046671190314e+00
1.988207062528211999e+00
1.946516798382554425e+00
1.917278378867428801e+00
2.035878135633104602e+00
1.968219479573880326e+00
1.932660318329424864e+00
1.906060645689781952e+00
2.031013697637484405e+00
1.965253733699297678e+00
1.929966338948361670e+00
1.929542698295444891e+00
2.039835056500152621e+00
1.966561185528103106e+00
1.930403562566129105e+00
1.903531145701079952e+00
2.029759983621480579e+00
1.962638028205700103e+00
1.927184059294086760e+00
1.900645875763451897e+00
1.972495129354370436e+00
1.933367832650877638e+00
1.905189051938205980e+00
1.983331430701056775e+00
1.949211264309775204e+00
1.988672975976601975e+00
1.975830911723276850e+00
1.946103164279366693e+00
1.994744676784538484e+00
1.978161728983381273e+00
2.012294875520525661e+00
1.950859403375035050e+00
2.000286323989151516e+00
1.944501621287142434e+00
1.967712236330587894e+00
1.984545591038044066e+00
2.039999992426599018e+00
1.956324989815590332e+00
1.915647488805860110e+00
1.886894282416314406e+00
1.863920050197891198e+00
1.844574543261086497e+00
1.827799645951400098e+00
1.812980647305058701e+00
1.799722492651911088e+00
1.787753320377125643e+00
1.776876556352540604e+00
1.766944645992323704e+00
1.757932620969356208e+00
1.749729694257462498e+00
1.742180569833125414e+00
1.735228215897986814e+00
1.728825207157890231e+00
1.722931703992170105e+00
1.717513958752317826e+00
1.712543190892268807e+00
1.707994726096485616e+00
1.703847328226876012e+00
1.700082674689999074e+00
1.696684940273697206e+00
1.696416736084999766e+00
1.697088342530165939e+00
1.698064525348300435e+00
1.699348557823396888e+00
1.696587234097431507e+00
1.696984146893309564e+00
1.696531816189547293e+00
1.694686936499647079e+00
1.695937248735930325e+00
1.692237740911272326e+00
1.693534953623593520e+00
1.689285367633821977e+00
1.687379883891995558e+00
1.689729844302091832e+00
1.684866137847544909e+00
1.683392367012068291e+00
1.685467642797849219e+00
1.688209089646930838e+00
1.681090656759499202e+00
1.683405552836966690e+00
1.686048002958499437e+00
1.672484559290063677e+00
1.673786802502215121e+00
1.675393338150309663e+00
1.677309605591589925e+00
1.679542231323724932e+00
1.682099131200635922e+00
1.684989637725520906e+00
1.679434780445466346e+00
1.682192495205943050e+00
1.677002191063894809e+00
1.679665224428335435e+00
1.674860395408433122e+00
1.677526964290958933e+00
1.680528839104095118e+00
1.670559065433407708e+00
1.673215220795986502e+00
1.676205016294122885e+00
1.671069628248393446e+00
1.671386854543748246e+00
1.567005309623104248e+00
1.539283782563896086e+00
1.601772805031530300e+00
1.563420677228481104e+00
1.536741533165914442e+00
1.515492037839837103e+00
1.497590785887375375e+00
1.626197383289460507e+00
1.577319189721134496e+00
1.547456885477348498e+00
1.617898896029613010e+00
1.573496474201650619e+00
1.544811480472136456e+00
1.666930199060932427e+00
1.503830767107609656e+00
1.487744956746664959e+00
1.620909721241745372e+00
1.563678088314066184e+00
1.636063058713548291e+00
1.582851294170032785e+00
1.616716140200368246e+00
1.621149895399965013e+00
1.610933176519413701e+00
1.573780787275275816e+00
1.612231001662969065e+00
1.668061938347233930e+00
1.669909425092382493e+00
1.652136339362272777e+00
1.593195069082267601e+00
1.648449232536331577e+00
1.591564544667783077e+00
1.652366230432753103e+00
1.589730090415288455e+00
1.645900032898948373e+00
1.587998988591556859e+00
1.642953943093863556e+00
1.587133562969238909e+00
1.613660317482332740e+00
1.639144039040265177e+00
1.647324317688708906e+00
1.645146486792894436e+00
1.588747237504390508e+00
1.557339136853796324e+00
1.533595488358826087e+00
1.514077342808956450e+00
1.497355964891216473e+00
1.172865380272250402e+00
1.213551991784429296e+00
1.054358485657440614e+00
1.026999675388056588e+00
1.028578222753218752e+00
1.081372678800245790e+00
1.062592845177003920e+00
1.044044457975215279e+00
1.083754249891195176e+00
1.064750014004951506e+00
1.034416107730537160e+00
1.087697001123855145e+00
1.066067731389131135e+00
1.040249047385823689e+00
1.072344149304978567e+00
1.034895138992850905e+00
1.018662275509373494e+00
1.094179349584352368e+00
1.064676868807748367e+00
1.092574265966185010e+00
1.089328762424597308e+00
1.076394626688916834e+00
1.062651497656454724e+00
1.070980642153331441e+00
1.110246302531550766e+00
1.056788636281389637e+00
1.065043148219393165e+00
1.021552598392021061e+00
1.006147309375173826e+00
1.041858554933794423e+00
1.022125653591875016e+00
9.983309468535942477e-01
1.028555188934346054e+00
9.721109235117539882e-01
9.920225079108028199e-01
1.019051931176077952e+00
9.272522255612419828e-01
9.392122321562336174e-01
9.527699807509956154e-01
1.018294849141967662e+00
9.876869974284455678e-01
1.013049716416185131e+00
1.059808714786125261e+00
9.361291101771096468e-01
9.493340731338806293e-01
9.646024303330156258e-01
9.829477147745263599e-01
1.006684942900432755e+00
1.045083722672986104e+00
9.782090859435351726e-01
1.000386715688110773e+00
1.033349568330311108e+00
9.778314342214320387e-01
1.002317562385663496e+00
1.022841107306303510e+00
1.202709984539886090e+00
1.141941635670648214e+00
1.113924978185763193e+00
1.093104817787336369e+00
1.076076228143212798e+00
1.007927003572387514e+00
1.049207582352037260e+00
9.687524917598357987e-01
9.634745257185162171e-01
9.758373284450050367e-01
9.976266465680088125e-01
1.029464239402494874e+00
9.644758738669504394e-01
9.832169477153630543e-01
1.007757430251147612e+00
1.049850357177277704e+00
1.066829063142535894e+00
1.003591110453248225e+00
1.041632950642588096e+00
1.054827259267485218e+00
1.059385392506636103e+00
1.044973008603981679e+00
1.043833106815476919e+00
1.006103669231482867e+00
1.050249409886846230e+00
1.018426293897749524e+00
1.025896155284678590e+00
1.036757621472987001e+00
1.054161746115070297e+00
1.079754018628094503e+00
1.124310929319399577e+00
1.127145719439379246e+00
1.120033434588777688e+00
1.155046123781946488e+00
1.131873526065594326e+00
1.107109022390130093e+00
1.069062542986292330e+00
1.101939499875276729e+00
1.072721110018308055e+00
1.085065138077739633e+00
1.231790256608992884e+00
1.197767579674993588e+00
1.174197803923927141e+00
1.155415730487743264e+00
1.139561749166901228e+00
1.137184432422936320e+00
1.129878122086562353e+00
1.126810102091012622e+00
1.159602890789893648e+00
1.165380684585727522e+00
1.129563260524819590e+00
1.132878917581892297e+00
1.153269538712957232e+00
1.156837828711815064e+00
1.145062531801963157e+00
1.151627387612147890e+00
1.125180417894097840e+00
1.156812718961873099e+00
1.225635883514352154e+00
1.194547864643233925e+00
1.195215890085477684e+00
1.221854549672326318e+00
1.176019103164434032e+00
1.195785494984737962e+00
1.159273993030708105e+00
1.183028549850845490e+00
1.201033397245371281e+00
1.204161537507478785e+00
1.207905837752776490e+00
1.162851622788069195e+00
1.197456261632280361e+00
1.161021274897461097e+00
1.253837613692152742e+00
1.200457224646726218e+00
1.229780482690627785e+00
1.298816132530547396e+00
1.309547067080590876e+00
1.307854948440793974e+00
1.306365330514150047e+00
1.305074635036268305e+00
1.303979814917472613e+00
1.303078323567707253e+00
1.302368089897537828e+00
1.301847498412434634e+00
1.301515373949527987e+00
1.334694138792957396e+00
1.314777663031494015e+00
1.313496999498807494e+00
1.315369116506297509e+00
1.302670405785957275e+00
1.303468185892555642e+00
1.304458116511803434e+00
1.305642484188136443e+00
1.307024061775198032e+00
1.311211318608927368e+00
1.310392540773050341e+00
1.312387697936316489e+00
1.314596665031582789e+00
1.317025192828151559e+00
1.325188916187969523e+00
1.322567820750242484e+00
1.325697567444987568e+00
1.329078378906154878e+00
1.332720791079103240e+00
1.336636695840348388e+00
1.340839541370432597e+00
1.345344576516337209e+00
1.350169151189901662e+00
1.355333089008982750e+00
1.360859154296474305e+00
1.366773644093140394e+00
1.373107148429635105e+00
1.379895541067629905e+00
1.387181292190604598e+00
1.395015240957987235e+00
1.403459041828183373e+00
1.412588627458689183e+00
1.422499258935029598e+00
1.433313157397634097e+00
1.445191544742058021e+00
1.458354684410165580e+00
1.473117593294126726e+00
1.489959701167653305e+00
1.509679045266326014e+00
1.533806065330876489e+00
1.566170967384949542e+00
1.631628292907894240e+00
1.587923887900644093e+00
1.603665863186400475e+00
1.614184449715818870e+00
1.625716605793759983e+00
1.638446202185166900e+00
1.652626894681152203e+00
1.668626123212709089e+00
1.687013163906280866e+00
1.708761490613649903e+00
1.735826379260666741e+00
1.773638797573655168e+00
1.279330660405659792e+00
1.340865296549629271e+00
1.295670688155045935e+00
1.286380429917351575e+00
1.302829993428663791e+00
1.261173259590801621e+00
1.284955520368905368e+00
1.273450985849571504e+00
1.284213535962309249e+00
1.303445318745111381e+00
1.307402811862236502e+00
1.276780514914105380e+00
1.281315946537501915e+00
1.278554252942637914e+00
1.278658851877562341e+00
1.295720107199610061e+00
1.278495589301706037e+00
1.319674985030492076e+00
1.292878403351324090e+00
1.258719621150844237e+00
1.280234870208298403e+00
1.291165772449042182e+00
1.277829855654663449e+00
1.274124552824446699e+00
1.281156327846397547e+00
1.256899862414836644e+00
1.305023903601171709e+00
1.294786777382039844e+00
1.304955705884343287e+00
1.281380677364684750e+00
1.313937045020990846e+00
1.327334316034275208e+00
1.289749118804535133e+00
1.288356722437927093e+00
1.314222691378747365e+00
1.311806937973658105e+00
1.279446421889356866e+00
1.300267554375304613e+00
1.318307344193067054e+00
1.301846150034673411e+00
1.308033990437499128e+00
1.287893207952889973e+00
1.290700992731760977e+00
1.318944567137287249e+00
1.329300929357829064e+00
1.270607960979200923e+00
1.286503713410964700e+00
1.264698385018410365e+00
1.305689242217354495e+00
1.311728624904102913e+00
1.276756955473836497e+00
1.295023341836651909e+00
1.272825588490723137e+00
1.282566779994137818e+00
1.280534830618929920e+00
1.278899447986990401e+00
1.282500360288413521e+00
1.253349299349524104e+00
1.261960287465126562e+00
1.250285826437163683e+00
1.255983401517202891e+00
1.266179449592164108e+00
1.274013748183032035e+00
1.314344298597785121e+00
1.266165903078608768e+00
1.290941700138152459e+00
1.307450303197299490e+00
1.338294178809174229e+00
1.388575098788618734e+00
1.365417137442508810e+00
1.362012037079619819e+00
1.340841923185039031e+00
2.201573511445053644e+00
2.158279166128474369e+00
2.127806643462732072e+00
2.103537963707052150e+00
2.083169191563324141e+00
2.065568663997125576e+00
2.050079600407736624e+00
2.036280224828980856e+00
2.023880502110918744e+00
2.012670901736929086e+00
2.002494320694904406e+00
1.993229517732308720e+00
1.984780763557204786e+00
1.977071072134771512e+00
1.970037605657873891e+00
1.963628456983891990e+00
1.957800337201709651e+00
1.952516876703279891e+00
1.947747353469299947e+00
1.943465726025845663e+00
1.939649888388945920e+00
1.936281089965708802e+00
1.933343480319456908e+00
1.930823750156027918e+00
1.928710847798448480e+00
1.926995755996889104e+00
1.925671317940494731e+00
1.924732104298719104e+00
1.924174315357264797e+00
1.923995714057295192e+00
1.924195587158614495e+00
1.924774732948379974e+00
1.925735475000948771e+00
1.923142290051636838e+00
1.918081174760807972e+00
1.913511485560052794e+00
1.909409281417300486e+00
1.905754190866210784e+00
1.902528902335174354e+00
1.899718762228850721e+00
1.897311456676746388e+00
1.895296759391833286e+00
1.893666332730516322e+00
1.892413572423186086e+00
1.891533488954586062e+00
1.891022620485806049e+00
1.890878973712948774e+00
1.891101990285692702e+00
1.891692537462356105e+00
1.892652922636524071e+00
1.893986932303136417e+00
1.895699897004808898e+00
1.593969988932711246e+00
1.532322711404558557e+00
1.500617387891714172e+00
1.501913071942568623e+00
1.463504215536281849e+00
1.501034368390088414e+00
1.464035088542096297e+00
1.500670017101298326e+00
1.501963706109407104e+00
1.535296798990336775e+00
1.483051877911782501e+00
1.508681098828565270e+00
1.544791531618657787e+00
1.594987878668911119e+00
1.555196922194225895e+00
1.544212460956794208e+00
1.509489272735175636e+00
1.531759810821483603e+00
1.578952130955614486e+00
1.595746842376406738e+00
1.549085828448867774e+00
1.570616578422293630e+00
1.539646474395111264e+00
1.558361442594710988e+00
1.584504355710786960e+00
1.556398523639887621e+00
1.554596853805591650e+00
1.545558060056883676e+00
1.573909746399313692e+00
1.338044989153588382e+00
1.361098818837673363e+00
1.373684467140653620e+00
1.387746375080176175e+00
1.403709988319873592e+00
1.422268773438010170e+00
1.444707201854186218e+00
1.474017465116159498e+00
1.523174471562081411e+00
1.466230704110143002e+00
1.483805765931500487e+00
1.504612139137028404e+00
1.530606549744858880e+00
1.567456269387315304e+00
1.590818609744479195e+00
1.610116095798845182e+00
1.549417642963535124e+00
1.573353890439514347e+00
1.651283260441437140e+00
1.560694703613735523e+00
1.538943418880993619e+00
1.497513583826057371e+00
1.515417239579597952e+00
1.536670469721297838e+00
1.563356510356747053e+00
1.601728165267582105e+00
1.578564159034056003e+00
1.626383125718088296e+00
1.579820626674365514e+00
1.621024662910390157e+00
1.685173456453229024e+00
1.358694649084692951e+00
1.321413342546121417e+00
1.349759570670929554e+00
1.368786712766448588e+00
1.339290741273718499e+00
1.298584815176489160e+00
1.303678551856730872e+00
1.302661276590058703e+00
1.285999200972290701e+00
1.323705603173349843e+00
1.282325280117336153e+00
1.353665050885443089e+00
1.346684843589026404e+00
1.326842365675537039e+00
1.302281654244495490e+00
1.322543034606522783e+00
1.289143310066031667e+00
1.278947160630146795e+00
1.324516693056865035e+00
1.308048782069076488e+00
1.320717322033596597e+00
1.298742215637404884e+00
1.280962315094688497e+00
1.288577216281704185e+00
1.319988160113235276e+00
1.341617347910555091e+00
1.321573726914007985e+00
1.356020191589826229e+00
1.326220580181648012e+00
1.345530541104954292e+00
1.324257099394519299e+00
1.272677110447184790e+00
1.259763242691476881e+00
1.277529484804194704e+00
1.263964496993526199e+00
1.276338257879253035e+00
1.290518273082419620e+00
1.273577736148606698e+00
1.301996826206671898e+00
1.268559690831337905e+00
1.270332617170438327e+00
1.233160218373442030e+00
1.265855259708252856e+00
1.244011893705404326e+00
1.279715802799614055e+00
1.258645707490966492e+00
1.325872214906435698e+00
1.291175908511710491e+00
1.284342157942633289e+00
1.304252741669585491e+00
1.303115910686681200e+00
1.298952483330763963e+00
1.310703349981311439e+00
1.273123794842895284e+00
1.298731216776090491e+00
1.273015619311109070e+00
1.301053747604340227e+00
1.284450377362145179e+00
1.309713117035278929e+00
1.285358985975474155e+00
1.275614972493476440e+00
1.299824847674828643e+00
1.296576309942093497e+00
1.348064718701229570e+00
1.294175515937034726e+00
1.265354074135806473e+00
1.321500139110423300e+00
1.283141518329085518e+00
1.339423104669264397e+00
1.308277141904987895e+00
1.330299183107614969e+00
1.288976434388481529e+00
1.262658338310168382e+00
1.292457167635268300e+00
1.296960452814683196e+00
1.294448498121346880e+00
1.307820517697694918e+00
1.324877793730144804e+00
1.324674972224773706e+00
1.328955000513409646e+00
1.337105314847744975e+00
1.353917966059253075e+00
1.340201179996202363e+00
1.321814781035298036e+00
1.344423431940901192e+00
1.310941567162470900e+00
1.321846848463197777e+00
1.329104392961372616e+00
1.309414348442597076e+00
1.301464171326076391e+00
1.333602708353791133e+00
1.288718951392312073e+00
1.327543227994816721e+00
1.329976373634785602e+00
1.320179870631533525e+00
1.333273756477893812e+00
1.306471850703223803e+00
1.321716265766561760e+00
1.301557316654915919e+00
1.362542937449480629e+00
1.355110581284050486e+00
1.338517366598453107e+00
1.354617429138386786e+00
1.373647481170719109e+00
1.353161380246990175e+00
1.344175843484596733e+00
1.330894227518212070e+00
1.384222783628278997e+00
1.340421951584305660e+00
1.341515022331039697e+00
1.340024184667560903e+00
1.334896817898588717e+00
1.289180371407550485e+00
1.325593313662575490e+00
1.328661997444963383e+00
1.341139858814146102e+00
1.372101512268157686e+00
1.372707311427189936e+00
1.351097304006430910e+00
1.332959281183893951e+00
1.290160079880540822e+00
1.324507859505130503e+00
1.329057846460967252e+00
1.333308448119863598e+00
1.336524608703956840e+00
1.361230898593714489e+00
1.299060525244251751e+00
1.269348953837724503e+00
1.343323506056621097e+00
1.293949422934733695e+00
1.265826656456427113e+00
1.334531395449146896e+00
1.290347162902695688e+00
1.263304717823334089e+00
1.337841161573841919e+00
1.273147314897553173e+00
1.316738532547495844e+00
1.281043494739191102e+00
1.369986025702244481e+00
1.337795367356784837e+00
1.343541167220729360e+00
1.363825100981678862e+00
1.304998192789190714e+00
1.274267445912640406e+00
1.168964464906645295e+00
1.152008569345325029e+00
1.150975982651160301e+00
1.189834578411595123e+00
1.167798307583646888e+00
1.123466251282479123e+00
1.177298269723821900e+00
1.141604866264480433e+00
1.117759551901982951e+00
1.164697880388920304e+00
1.200958571921480811e+00
1.174712764561177236e+00
1.140149488674814249e+00
1.173032135995844882e+00
1.154563395187537589e+00
1.164396117148166043e+00
1.200368119085661656e+00
1.152370744952176507e+00
1.185084923290336212e+00
1.217777951122090307e+00
1.205805815871538345e+00
1.194007077441669118e+00
1.149355979582940224e+00
1.147749515597068504e+00
1.131484258060542425e+00
1.154490870117542700e+00
1.090520570699684999e+00
1.127823646352464904e+00
1.155948579398543563e+00
9.885723706001543487e-01
9.906341256707446030e-01
1.072376588176662704e+00
1.040585519601298303e+00
1.018582688497896349e+00
1.001045120345169570e+00
9.929632568730659692e-01
9.733082911259658410e-01
9.781194783376911950e-01
9.781401393978653713e-01
9.689108297305122353e-01
9.842949713160763503e-01
1.004824474658865707e+00
9.779221138800839874e-01
9.459742029329062385e-01
9.362382942623239668e-01
9.612903870718784161e-01
9.202645667899715942e-01
9.013187750907210027e-01
9.538221864993787769e-01
9.173638433765651801e-01
9.773159658625155677e-01
9.331003725278473881e-01
9.437961782980855974e-01
9.915504764244351676e-01
9.642840211931194006e-01
9.229549610867699982e-01
9.850509601210412081e-01
9.581963338975120204e-01
9.389095582994235745e-01
9.233017345123968322e-01
9.183118346655931852e-01
9.249760503934132405e-01
9.271748381582531895e-01
1.191938279843701132e+01
6.318575189065570363e+00
3.140067148858502577e+00
