-7.800978408890227871e-12
-1.399999999598887435e+00
-1.239495181224165066e+01
-3.496418135807100036e+00
-3.137986815263570595e+00
1.166260065355649023e-01
1.171603913353684995e-01
1.177085799755791945e-01
1.182709955630339982e-01
1.188480840187050025e-01
1.194403157260334053e-01
1.200481873362800045e-01
1.206722237494789046e-01
1.213129802922326972e-01
1.219710451166926002e-01
1.226470418487056041e-01
0.000000000000000000e+00
0.000000000000000000e+00
0.000000000000000000e+00
0.000000000000000000e+00
0.000000000000000000e+00
0.000000000000000000e+00
0.000000000000000000e+00
0.000000000000000000e+00
0.000000000000000000e+00
0.000000000000000000e+00
0.000000000000000000e+00
0.000000000000000000e+00
0.000000000000000000e+00
0.000000000000000000e+00
0.000000000000000000e+00
0.000000000000000000e+00
0.000000000000000000e+00
0.000000000000000000e+00
0.000000000000000000e+00
0.000000000000000000e+00
0.000000000000000000e+00
0.000000000000000000e+00
0.000000000000000000e+00
0.000000000000000000e+00
0.000000000000000000e+00
0.000000000000000000e+00
0.000000000000000000e+00
0.000000000000000000e+00
0.000000000000000000e+00
0.000000000000000000e+00
0.000000000000000000e+00
0.000000000000000000e+00
0.000000000000000000e+00
0.000000000000000000e+00
0.000000000000000000e+00
0.000000000000000000e+00
0.000000000000000000e+00
0.000000000000000000e+00
0.000000000000000000e+00
0.000000000000000000e+00
0.000000000000000000e+00
0.000000000000000000e+00
0.000000000000000000e+00
0.000000000000000000e+00
0.000000000000000000e+00
0.000000000000000000e+00
0.000000000000000000e+00
0.000000000000000000e+00
0.000000000000000000e+00
0.000000000000000000e+00
0.000000000000000000e+00
0.000000000000000000e+00
0.000000000000000000e+00
0.000000000000000000e+00
0.000000000000000000e+00
0.000000000000000000e+00
0.000000000000000000e+00
0.000000000000000000e+00
0.000000000000000000e+00
0.000000000000000000e+00
0.000000000000000000e+00
0.000000000000000000e+00
0.000000000000000000e+00
0.000000000000000000e+00
0.000000000000000000e+00
0.000000000000000000e+00
0.000000000000000000e+00
0.000000000000000000e+00
0.000000000000000000e+00
0.000000000000000000e+00
0.000000000000000000e+00
0.000000000000000000e+00
0.000000000000000000e+00
0.000000000000000000e+00
0.000000000000000000e+00
0.000000000000000000e+00
0.000000000000000000e+00
0.000000000000000000e+00
0.000000000000000000e+00
0.000000000000000000e+00
0.000000000000000000e+00
0.000000000000000000e+00
0.000000000000000000e+00
0.000000000000000000e+00
0.000000000000000000e+00
0.000000000000000000e+00
0.000000000000000000e+00
0.000000000000000000e+00
0.000000000000000000e+00
0.000000000000000000e+00
0.000000000000000000e+00
0.000000000000000000e+00
0.000000000000000000e+00
0.000000000000000000e+00
0.000000000000000000e+00
0.000000000000000000e+00
0.000000000000000000e+00
0.000000000000000000e+00
0.000000000000000000e+00
0.000000000000000000e+00
0.000000000000000000e+00
0.000000000000000000e+00
0.000000000000000000e+00
0.000000000000000000e+00
0.000000000000000000e+00
0.000000000000000000e+00
0.000000000000000000e+00
0.000000000000000000e+00
0.000000000000000000e+00
0.000000000000000000e+00
0.000000000000000000e+00
0.000000000000000000e+00
0.000000000000000000e+00
0.000000000000000000e+00
0.000000000000000000e+00
0.000000000000000000e+00
0.000000000000000000e+00
0.000000000000000000e+00
0.000000000000000000e+00
0.000000000000000000e+00
0.000000000000000000e+00
0.000000000000000000e+00
0.000000000000000000e+00
0.000000000000000000e+00
0.000000000000000000e+00
0.000000000000000000e+00
0.000000000000000000e+00
0.000000000000000000e+00
0.000000000000000000e+00
0.000000000000000000e+00
0.000000000000000000e+00
0.000000000000000000e+00
0.000000000000000000e+00
0.000000000000000000e+00
0.000000000000000000e+00
0.000000000000000000e+00
0.000000000000000000e+00
0.000000000000000000e+00
0.000000000000000000e+00
0.000000000000000000e+00
0.000000000000000000e+00
0.000000000000000000e+00
0.000000000000000000e+00
0.000000000000000000e+00
0.000000000000000000e+00
0.000000000000000000e+00
0.000000000000000000e+00
0.000000000000000000e+00
0.000000000000000000e+00
0.000000000000000000e+00
0.000000000000000000e+00
0.000000000000000000e+00
0.000000000000000000e+00
0.000000000000000000e+00
1.700789687917619863e-01
1.701507420652443037e-01
1.702332889507381097e-01
1.703266513173120056e-01
1.704308766735307956e-01
1.705460182491758125e-01
1.706721350873829091e-01
1.708092921475556913e-01
1.709575604194575882e-01
1.711170170489353937e-01
1.712877454757804896e-01
1.714698355842841915e-01
1.716633838671116075e-01
1.718684936031731059e-01
1.720852750502530060e-01
1.723138456532180007e-01
1.725543302687224945e-01
1.728068614074080023e-01
1.730715794946955099e-01
1.733486331513771905e-01
1.736381794953288926e-01
1.739403844657954890e-01
1.742554231718418112e-01
1.745834802667217134e-01
1.749247503500865886e-01
1.752794384001513106e-01
1.756477602381452952e-01
1.760299430276180965e-01
1.764262258114251969e-01
1.768368600895242893e-01
1.772621104410345982e-01
1.777022551943847894e-01
1.781575871497881880e-01
1.786284143587500983e-01
1.791150609658415105e-01
1.796178681185577053e-01
1.801371949517651949e-01
1.806734196539871995e-01
1.812269406236574898e-01
1.817981777244452035e-01
1.823875736498918876e-01
1.829955954088814118e-01
1.836227359449451868e-01
1.836706120178311918e-01
1.825519609143249899e-01
1.814695969316580115e-01
1.804218477271347099e-01
1.794071677882665972e-01
1.784241256735908110e-01
1.774713928616644121e-01
1.765477339674176027e-01
1.756519981265481090e-01
1.747831113821045057e-01
1.739400699345481915e-01
1.731219341387288946e-01
1.723278231493644008e-01
1.715569101315946032e-01
1.708084179655771084e-01
1.700816153844207923e-01
1.693758134933827930e-01
1.686903626254926958e-01
1.680246494948882119e-01
1.673780946142958970e-01
1.667501499474927096e-01
1.661402967713143108e-01
1.655480437249751136e-01
1.649729250272087000e-01
1.644144988440945920e-01
1.638723457924746996e-01
1.633460675656258076e-01
1.628352856693824902e-01
1.623396402582364118e-01
1.618587890620994119e-01
1.613924063954325916e-01
1.609401822413353000e-01
1.605018214039654889e-01
1.600770427233594029e-01
1.596655783473187040e-01
1.592671730555745013e-01
1.588815836319150132e-01
1.585085782803830889e-01
1.581479360820303992e-01
1.577994464890457027e-01
1.574629088533786025e-01
1.571381319872457993e-01
1.568249337531467946e-01
1.565231406812312986e-01
1.562325876120582990e-01
1.559531173629528922e-01
1.556845804163352887e-01
1.554268346285294089e-01
1.551797449576914900e-01
1.549431832096173078e-01
1.547170278002887034e-01
1.545011635341199951e-01
1.542954813969522054e-01
1.540998783629196900e-01
1.539142572143943066e-01
1.537385263742724884e-01
1.535725997499355899e-01
1.534163965882724967e-01
1.532698413411993921e-01
1.531328635411695060e-01
1.530053976861996956e-01
1.528873831339923883e-01
1.527787640047618967e-01
1.526794890924156045e-01
1.525895117837711978e-01
1.525087899855253892e-01
1.524372860587162037e-01
1.523749667604525071e-01
1.523218031927096039e-01
1.522777707580152129e-01
1.522428491218748015e-01
1.522170221818104074e-01
1.522002780429068947e-01
1.521926089997852061e-01
1.521940115249411085e-01
1.522044862634114870e-01
1.522240380337488985e-01
1.522375946309547090e-01
1.522133827594961131e-01
1.521982520139716910e-01
1.521921954322217885e-01
1.521952102285518138e-01
1.522072977895209123e-01
1.522284636760377063e-01
1.522587176317717061e-01
1.522980735979088118e-01
1.523465497342982866e-01
1.524041684470638092e-01
1.524709564227711978e-01
1.525469446692669095e-01
1.526321685633272029e-01
1.527266679052806941e-01
1.528304869807901034e-01
1.529436746300091021e-01
1.530662843243549009e-01
1.531983742511660862e-01
1.533400074065482122e-01
1.534912516967406049e-01
1.536521800483721945e-01
1.538228705280141051e-01
1.540034064714728979e-01
1.541938766233157954e-01
1.543943752871622110e-01
1.546050024873270035e-01
1.548258641424573867e-01
1.550570722518608002e-01
1.552987450952899862e-01
1.555510074470163040e-01
1.558139908051043021e-01
1.560878336368808073e-01
1.563726816416859955e-01
1.566686880320919961e-01
1.569760138348910983e-01
1.572948282132705933e-01
1.576253088117345047e-01
1.579676421254757879e-01
1.583220238960706960e-01
1.586886595355506968e-01
1.590677645811122976e-01
1.594595651829477934e-01
1.598642986279394107e-01
1.602822139022380132e-01
1.607135722960637003e-01
1.611586480544245081e-01
1.616177290778403886e-01
1.620911176776173024e-01
1.625791313907108959e-01
1.630821038597987938e-01
1.636003857848211118e-01
1.641343459529817916e-01
1.646843723550401872e-01
1.637809541416276882e-01
1.628102222876229022e-01
1.618690896787879085e-01
1.609563014833486072e-01
1.600706902521945030e-01
1.592111678630394878e-01
1.583767183969388981e-01
1.575663918187364121e-01
1.567792983534175011e-01
1.560146034670953918e-01
1.552715233751769952e-01
1.545493210117201976e-01
1.538473024035429126e-01
1.531648134006297068e-01
1.525012367210986097e-01
1.518559892746504936e-01
1.512285197332152997e-01
1.506183063215859042e-01
1.500248548043048025e-01
1.494476966480360880e-01
1.488863873412129002e-01
1.483405048549399918e-01
1.478096482310350956e-01
1.472934362847256040e-01
1.467915064109535095e-01
1.463035134844725138e-01
1.458291288450140055e-01
1.453680393597386877e-01
1.449199465560276068e-01
1.444845658183933068e-01
1.440616256439375131e-01
1.436508669513500980e-01
1.432520424389435998e-01
1.428649159876687058e-01
1.424892621054451025e-01
1.421248654095010888e-01
1.417715201437227124e-01
1.414290297282979891e-01
0.000000000000000000e+00
0.000000000000000000e+00
0.000000000000000000e+00
0.000000000000000000e+00
0.000000000000000000e+00
0.000000000000000000e+00
0.000000000000000000e+00
0.000000000000000000e+00
0.000000000000000000e+00
0.000000000000000000e+00
0.000000000000000000e+00
0.000000000000000000e+00
0.000000000000000000e+00
0.000000000000000000e+00
0.000000000000000000e+00
0.000000000000000000e+00
0.000000000000000000e+00
0.000000000000000000e+00
0.000000000000000000e+00
0.000000000000000000e+00
0.000000000000000000e+00
0.000000000000000000e+00
0.000000000000000000e+00
0.000000000000000000e+00
0.000000000000000000e+00
0.000000000000000000e+00
0.000000000000000000e+00
0.000000000000000000e+00
0.000000000000000000e+00
0.000000000000000000e+00
0.000000000000000000e+00
0.000000000000000000e+00
0.000000000000000000e+00
0.000000000000000000e+00
0.000000000000000000e+00
0.000000000000000000e+00
0.000000000000000000e+00
0.000000000000000000e+00
0.000000000000000000e+00
0.000000000000000000e+00
0.000000000000000000e+00
0.000000000000000000e+00
0.000000000000000000e+00
0.000000000000000000e+00
0.000000000000000000e+00
0.000000000000000000e+00
0.000000000000000000e+00
0.000000000000000000e+00
0.000000000000000000e+00
0.000000000000000000e+00
0.000000000000000000e+00
0.000000000000000000e+00
0.000000000000000000e+00
0.000000000000000000e+00
0.000000000000000000e+00
0.000000000000000000e+00
0.000000000000000000e+00
0.000000000000000000e+00
0.000000000000000000e+00
0.000000000000000000e+00
0.000000000000000000e+00
0.000000000000000000e+00
0.000000000000000000e+00
0.000000000000000000e+00
0.000000000000000000e+00
0.000000000000000000e+00
0.000000000000000000e+00
0.000000000000000000e+00
0.000000000000000000e+00
0.000000000000000000e+00
0.000000000000000000e+00
0.000000000000000000e+00
0.000000000000000000e+00
0.000000000000000000e+00
0.000000000000000000e+00
0.000000000000000000e+00
0.000000000000000000e+00
0.000000000000000000e+00
0.000000000000000000e+00
0.000000000000000000e+00
0.000000000000000000e+00
0.000000000000000000e+00
0.000000000000000000e+00
0.000000000000000000e+00
0.000000000000000000e+00
0.000000000000000000e+00
0.000000000000000000e+00
0.000000000000000000e+00
0.000000000000000000e+00
0.000000000000000000e+00
0.000000000000000000e+00
0.000000000000000000e+00
0.000000000000000000e+00
0.000000000000000000e+00
0.000000000000000000e+00
0.000000000000000000e+00
0.000000000000000000e+00
0.000000000000000000e+00
0.000000000000000000e+00
0.000000000000000000e+00
0.000000000000000000e+00
0.000000000000000000e+00
0.000000000000000000e+00
0.000000000000000000e+00
0.000000000000000000e+00
0.000000000000000000e+00
0.000000000000000000e+00
0.000000000000000000e+00
0.000000000000000000e+00
0.000000000000000000e+00
0.000000000000000000e+00
0.000000000000000000e+00
0.000000000000000000e+00
0.000000000000000000e+00
0.000000000000000000e+00
0.000000000000000000e+00
0.000000000000000000e+00
0.000000000000000000e+00
0.000000000000000000e+00
0.000000000000000000e+00
0.000000000000000000e+00
0.000000000000000000e+00
0.000000000000000000e+00
0.000000000000000000e+00
0.000000000000000000e+00
0.000000000000000000e+00
0.000000000000000000e+00
0.000000000000000000e+00
0.000000000000000000e+00
0.000000000000000000e+00
1.085793676197293056e-01
1.084608413277334954e-01
1.083480309540127973e-01
1.082411883958867005e-01
1.081402731880564960e-01
1.080452472915157947e-01
1.079560750475240943e-01
1.078595175279098983e-01
1.077660434169663006e-01
1.076783963739195021e-01
1.073965821616598010e-01
1.071040571387169016e-01
1.068193115389043935e-01
1.065422112498615043e-01
1.062726274841235968e-01
1.060104365581100994e-01
1.057555196840476996e-01
1.055077627739711005e-01
1.052670562550109962e-01
1.050332948952406031e-01
1.048063776394109053e-01
1.045862074539534031e-01
1.043726911806811958e-01
1.041657393986550051e-01
1.039652662937295968e-01
1.037711895353248953e-01
1.035834301600029039e-01
1.034019124614623947e-01
1.032265638865904056e-01
1.030573149372348007e-01
1.028940990773910963e-01
1.027368526455098990e-01
1.025855147716625004e-01
1.024400272993114952e-01
1.023003347114583989e-01
1.021663840609509932e-01
1.020381249047516009e-01
1.019155092419808950e-01
1.017984914555638970e-01
1.016870282573178047e-01
1.015810786363336993e-01
1.014806038105130065e-01
1.013855671811301068e-01
1.012959342903042986e-01
1.012116727812679973e-01
1.011327523613329976e-01
1.010591447674579063e-01
1.009908237343323939e-01
1.009277649648984004e-01
1.008699461032346034e-01
1.008173467097397968e-01
1.007699482385528006e-01
1.007277340171563035e-01
1.006906892281139027e-01
1.006588008928993028e-01
1.006320578577761943e-01
1.006104507816985016e-01
1.005939721262003039e-01
1.005826161472534036e-01
1.005763788890721017e-01
1.005752581798519951e-01
1.005792536294318057e-01
1.005883666288734934e-01
1.006026003519596007e-01
1.006219597586110043e-01
1.006464516002331944e-01
1.006760844270035982e-01
1.007108685971170037e-01
1.007508162880105945e-01
1.007959415095945055e-01
1.008462601195203034e-01
1.009017898405221020e-01
1.009625502798724012e-01
1.010285629509991012e-01
1.010998512973149965e-01
1.011764407183184944e-01
1.012321156216843959e-01
1.011279574801046965e-01
1.010292342668490939e-01
1.009359101528587987e-01
1.008479514226049006e-01
1.007653264354060052e-01
1.006880055893886045e-01
1.006159612879981985e-01
1.005491679089804968e-01
1.004876017757529993e-01
1.004312411310977066e-01
1.003800661131131061e-01
1.003340587333629991e-01
1.002932028571743017e-01
1.002574841860331967e-01
1.002268902420404006e-01
1.002014103543873991e-01
1.001810356478223946e-01
1.001657590330790049e-01
1.001555751992451032e-01
1.001504806080544957e-01
1.001504734900872939e-01
1.001555538428717945e-01
1.001657234308812039e-01
1.001809857874277065e-01
1.002013462184554032e-01
1.002233909264440975e-01
1.002269835646917018e-01
1.002356697160411009e-01
1.002494523993019970e-01
1.002683364071042943e-01
1.002923283110507963e-01
1.003214364687913945e-01
1.003556710330359009e-01
1.003950439625257984e-01
1.004395690349915993e-01
1.004892618621252010e-01
1.004898599362757938e-01
1.004222300291913034e-01
1.003598218354653931e-01
1.003026133066280967e-01
1.002505842886124016e-01
1.002037164995873975e-01
1.001619935099388042e-01
1.001254007243501942e-01
1.000939253659410971e-01
1.000675564624265018e-01
1.000462848342632965e-01
1.000301030847564054e-01
1.000190055921030968e-01
1.000129885033543969e-01
1.000120497302818962e-01
1.000161889471385956e-01
1.000254075903097978e-01
1.000397088598533046e-01
1.000590977229308953e-01
1.000835809191411019e-01
1.001131669677644970e-01
1.001300108811851997e-01
1.001274099076611968e-01
1.001298946658435024e-01
1.001374660185286036e-01
1.001501265953892994e-01
1.001678807957958051e-01
1.001907347935414999e-01
1.002186965434821997e-01
1.002517757901045942e-01
1.002899840780446944e-01
1.003333347645800067e-01
1.003818430341247986e-01
1.004355259147634016e-01
1.004944022968598943e-01
1.005584929537877981e-01
1.006278205648314938e-01
1.007024097403119017e-01
1.007822870489994971e-01
1.008674810478801948e-01
1.009580223143480004e-01
1.010539434809038933e-01
1.011552792724487032e-01
1.012620665462639069e-01
1.013606953483146972e-01
1.013813065733611962e-01
1.014071033948191064e-01
1.014380948605209942e-01
1.014742918548254963e-01
1.014721648708502982e-01
1.014505269003360965e-01
1.014340744555981000e-01
1.014228017736854004e-01
1.014010264279748968e-01
1.013668681748188943e-01
1.013379069993410042e-01
1.013141327392814012e-01
1.012955370628154939e-01
1.012821134595024014e-01
1.012738572332236020e-01
1.012707654970965016e-01
1.012728371703506963e-01
1.012800729771582975e-01
1.012924754474177069e-01
1.013100489194909970e-01
1.013327995449018054e-01
1.013607352950051943e-01
1.013938659696444061e-01
1.014322032078154995e-01
1.014757605003643037e-01
1.015245532047465010e-01
1.015785985618854054e-01
1.016379157151671986e-01
1.017025257316210018e-01
1.017724516253319944e-01
1.018477183831475036e-01
1.019283529927366982e-01
1.020143844730738991e-01
1.021058439074210983e-01
1.022027644788922052e-01
1.023051815086894051e-01
1.024131324971082058e-01
1.024587304312940955e-01
1.024064637000069028e-01
1.023595045234504952e-01
1.023178362371426064e-01
1.022814440849621059e-01
1.022503152028691048e-01
1.022244386047573977e-01
1.022038051704046990e-01
1.021884076354928061e-01
1.021782405836724056e-01
1.021733004406562978e-01
1.021735854703244989e-01
1.021790957728345994e-01
1.021898332847298030e-01
1.022058017810486968e-01
1.022270068794376985e-01
1.022534560462799030e-01
1.022851586048509065e-01
1.023221257455239064e-01
1.023420548482908976e-01
1.022052335500771014e-01
1.020741269286203068e-01
1.019486857723684026e-01
1.018288632814586953e-01
1.017146150111134933e-01
1.016058988184023043e-01
1.015026748122233036e-01
1.014049053063758032e-01
1.013125547755951983e-01
1.012255898144403948e-01
1.011439790989252935e-01
1.010676933507975994e-01
1.009967053043756002e-01
1.009309896758581043e-01
1.008705231350340015e-01
1.008152842793206966e-01
0.000000000000000000e+00
0.000000000000000000e+00
0.000000000000000000e+00
0.000000000000000000e+00
0.000000000000000000e+00
0.000000000000000000e+00
0.000000000000000000e+00
0.000000000000000000e+00
0.000000000000000000e+00
0.000000000000000000e+00
0.000000000000000000e+00
0.000000000000000000e+00
0.000000000000000000e+00
0.000000000000000000e+00
0.000000000000000000e+00
0.000000000000000000e+00
0.000000000000000000e+00
0.000000000000000000e+00
0.000000000000000000e+00
0.000000000000000000e+00
0.000000000000000000e+00
0.000000000000000000e+00
0.000000000000000000e+00
0.000000000000000000e+00
0.000000000000000000e+00
0.000000000000000000e+00
0.000000000000000000e+00
0.000000000000000000e+00
0.000000000000000000e+00
0.000000000000000000e+00
0.000000000000000000e+00
0.000000000000000000e+00
0.000000000000000000e+00
0.000000000000000000e+00
0.000000000000000000e+00
0.000000000000000000e+00
0.000000000000000000e+00
0.000000000000000000e+00
0.000000000000000000e+00
0.000000000000000000e+00
0.000000000000000000e+00
0.000000000000000000e+00
0.000000000000000000e+00
0.000000000000000000e+00
0.000000000000000000e+00
0.000000000000000000e+00
0.000000000000000000e+00
0.000000000000000000e+00
0.000000000000000000e+00
0.000000000000000000e+00
0.000000000000000000e+00
0.000000000000000000e+00
0.000000000000000000e+00
0.000000000000000000e+00
0.000000000000000000e+00
0.000000000000000000e+00
0.000000000000000000e+00
0.000000000000000000e+00
0.000000000000000000e+00
0.000000000000000000e+00
0.000000000000000000e+00
0.000000000000000000e+00
0.000000000000000000e+00
0.000000000000000000e+00
0.000000000000000000e+00
0.000000000000000000e+00
0.000000000000000000e+00
0.000000000000000000e+00
0.000000000000000000e+00
0.000000000000000000e+00
0.000000000000000000e+00
0.000000000000000000e+00
0.000000000000000000e+00
0.000000000000000000e+00
0.000000000000000000e+00
0.000000000000000000e+00
0.000000000000000000e+00
0.000000000000000000e+00
0.000000000000000000e+00
0.000000000000000000e+00
0.000000000000000000e+00
0.000000000000000000e+00
0.000000000000000000e+00
0.000000000000000000e+00
0.000000000000000000e+00
0.000000000000000000e+00
0.000000000000000000e+00
0.000000000000000000e+00
0.000000000000000000e+00
0.000000000000000000e+00
0.000000000000000000e+00
0.000000000000000000e+00
0.000000000000000000e+00
0.000000000000000000e+00
0.000000000000000000e+00
0.000000000000000000e+00
0.000000000000000000e+00
0.000000000000000000e+00
0.000000000000000000e+00
0.000000000000000000e+00
0.000000000000000000e+00
0.000000000000000000e+00
0.000000000000000000e+00
0.000000000000000000e+00
0.000000000000000000e+00
0.000000000000000000e+00
0.000000000000000000e+00
0.000000000000000000e+00
0.000000000000000000e+00
0.000000000000000000e+00
0.000000000000000000e+00
0.000000000000000000e+00
0.000000000000000000e+00
0.000000000000000000e+00
0.000000000000000000e+00
0.000000000000000000e+00
0.000000000000000000e+00
0.000000000000000000e+00
0.000000000000000000e+00
0.000000000000000000e+00
0.000000000000000000e+00
0.000000000000000000e+00
0.000000000000000000e+00
0.000000000000000000e+00
0.000000000000000000e+00
0.000000000000000000e+00
0.000000000000000000e+00
0.000000000000000000e+00
0.000000000000000000e+00
0.000000000000000000e+00
0.000000000000000000e+00
0.000000000000000000e+00
0.000000000000000000e+00
0.000000000000000000e+00
0.000000000000000000e+00
0.000000000000000000e+00
0.000000000000000000e+00
0.000000000000000000e+00
0.000000000000000000e+00
0.000000000000000000e+00
0.000000000000000000e+00
0.000000000000000000e+00
0.000000000000000000e+00
0.000000000000000000e+00
0.000000000000000000e+00
0.000000000000000000e+00
0.000000000000000000e+00
1.014473315003247972e-01
1.014336874524680993e-01
1.014252212369946976e-01
1.014219298909436046e-01
1.014238122627462019e-01
1.014308690109806954e-01
1.014431026050837958e-01
1.014605173280266059e-01
1.014831192809571986e-01
1.015042013247603042e-01
1.014472533967842038e-01
1.013869851239113939e-01
1.013319786790315008e-01
1.012822145912174038e-01
1.012376752887844955e-01
1.011983450799435053e-01
1.011642101355886003e-01
1.011352584741798954e-01
1.011114799486845933e-01
1.010928662355454061e-01
1.010794108256508061e-01
1.010711090172864979e-01
1.010679579110495968e-01
1.010699564067154971e-01
1.010771052020500993e-01
1.010894067935626944e-01
1.010810213858701068e-01
1.009951203452043034e-01
1.009145533500322017e-01
1.008392915513336985e-01
1.007693080991946960e-01
1.007045781126626044e-01
1.006450786519764995e-01
1.005907886931008965e-01
1.005416891045037980e-01
1.004977626261216034e-01
1.004589938504610036e-01
1.004253692057923003e-01
1.003968769413951939e-01
1.003735071148216945e-01
1.003552515811454993e-01
1.003421039841744938e-01
1.003340597496042985e-01
1.002977352528252042e-01
1.002465808755164944e-01
1.002005851055955965e-01
1.001597318247686025e-01
1.001240067463558953e-01
1.000933973997740062e-01
1.000678931170329994e-01
1.000474850212162981e-01
1.000321660169164045e-01
1.000219307826050036e-01
1.000167757649178951e-01
1.000166991748435985e-01
1.000217009858054007e-01
1.000317829336329067e-01
1.000469485184227042e-01
1.000672030082930958e-01
1.000925534450408938e-01
1.001230086517137935e-01
1.001585792421160054e-01
1.001692719839543944e-01
1.001335787786302028e-01
1.001030018928182053e-01
1.000775306693375000e-01
1.000571562423443056e-01
1.000418715277788945e-01
1.000316712157468951e-01
1.000265517648173952e-01
1.000265113982233972e-01
1.000315501019567038e-01
1.000416696247534987e-01
1.000568734799686943e-01
1.000771669493451949e-01
1.001025570886859006e-01
1.001330527354415967e-01
1.001237100130212970e-01
1.000940316927605989e-01
1.000694570679219048e-01
1.000499775867371988e-01
1.000355864776044934e-01
1.000262787418071952e-01
1.000220511481479946e-01
1.000229022294819997e-01
1.000288322811448971e-01
1.000398433612692956e-01
1.000559392929910030e-01
1.000771256685511063e-01
1.001034098553026941e-01
1.001348010036357955e-01
1.001713100568401016e-01
1.002129497629268978e-01
1.002597346884392948e-01
1.003116812342831066e-01
1.003688076536140006e-01
1.004311340718257034e-01
1.004986825086855995e-01
1.005714769026708061e-01
1.006083177975775067e-01
1.005834333956556054e-01
1.005636792934472973e-01
1.005490486030203023e-01
1.005395362270501969e-01
1.005351388533275991e-01
1.005358549511919941e-01
1.005416847698847038e-01
1.005526303388168952e-01
1.005686954697538049e-01
1.005898857609193037e-01
1.006162086030314012e-01
1.006476731872816971e-01
1.006842905152788015e-01
1.007260734109770017e-01
1.007730365346207052e-01
1.008251963987347039e-01
1.008280552405489000e-01
1.007961511824044948e-01
1.007694017506415018e-01
1.007477975945384047e-01
1.007313311706401066e-01
1.007199967346004005e-01
1.007137903349815955e-01
1.007127098089933004e-01
1.007167547801613022e-01
1.007259266579226958e-01
1.007402286391442942e-01
1.007596657115680944e-01
1.007842446591938057e-01
1.008139740696085002e-01
1.008488643432815940e-01
1.008889277048476973e-01
1.009341782164017987e-01
1.009846317928408954e-01
1.010403062192855028e-01
1.011012211706248942e-01
1.011673982332312038e-01
1.012388609288960989e-01
1.013156347410461983e-01
1.013977471433032962e-01
1.014852276304580997e-01
1.015781077519345016e-01
1.016764211478296959e-01
1.017802035876182037e-01
1.018894930116213959e-01
1.020043295753477047e-01
1.021247556968195996e-01
1.022508161070120047e-01
1.023825579035364947e-01
1.025200306077171941e-01
1.026632862252118000e-01
1.028123793103503936e-01
1.029673670343674990e-01
1.031283092577277016e-01
1.032952686067483972e-01
1.034683105547506005e-01
1.036475035079753027e-01
1.038329188965305960e-01
1.040246312706463033e-01
1.042227184025421027e-01
1.044272613942325012e-01
1.046383447916201942e-01
1.048560567052574943e-01
1.050804889381815044e-01
1.053117371212674985e-01
1.055499008565713992e-01
1.057950838691815998e-01
1.060473941681304988e-01
1.063069442169736062e-01
1.065738511146835932e-01
1.068482367875704941e-01
1.071302281929913947e-01
1.074199575356881015e-01
1.077175624976527968e-01
1.080231864825133004e-01
1.083369788755070007e-01
1.086590953202175025e-01
1.089896980133508997e-01
1.093289560189475984e-01
1.096770456035606051e-01
1.100341505940696935e-01
1.104004627599732002e-01
1.107761822221674936e-01
1.111615178904364065e-01
1.115566879320873950e-01
1.119619202744304987e-01
1.123774531440686064e-01
1.128035356462902955e-01
1.132404283882045004e-01
1.136884041496578068e-01
1.141477486064260971e-01
1.146187611106767035e-01
1.151017555342774001e-01
1.155970611811796001e-01
1.161050237758497056e-01
