2.927373707784550749e-01
1.399999999712107979e+00
9.365625276061991800e-01
9.100529816087179480e-01
9.023987704420596279e-01
9.064023250817093702e-01
9.153211795446601906e-01
8.991428776075655049e-01
9.098194195897799652e-01
9.217201253457676380e-01
9.352192449700640342e-01
9.509380256131152453e-01
9.700614647007596014e-01
9.955166618194324357e-01
1.044291575863238508e+00
9.188991163934630002e-01
9.015167340389351747e-01
9.161637486130818075e-01
8.956501502165618023e-01
8.979105486971645789e-01
9.122354650635281503e-01
9.093190220910688515e-01
9.197992784612277761e-01
9.308289878403191997e-01
9.435197745159410454e-01
9.580725467793880235e-01
9.753155545957288286e-01
9.969903172918032075e-01
1.028504477472917511e+00
1.031003973121627615e+00
9.799009786055628002e-01
1.003111509989241590e+00
1.039529772786602857e+00
9.630938939418813849e-01
1.014299038899375782e+00
9.895336303649280296e-01
1.016768057437094308e+00
9.920215815108419655e-01
1.006827187435167081e+00
1.009820717215358599e+00
1.012991514725929409e+00
1.032339387096112393e+00
1.170198580597736182e+00
1.189577330206203376e+00
1.214177080337471182e+00
1.251025823045367025e+00
1.329667759012094441e+00
1.328642027075023435e+00
1.327544299660594840e+00
1.327329971924879448e+00
1.325762730051552873e+00
1.325430883144802063e+00
1.325172158750979490e+00
1.323713762265146032e+00
1.323645584266865072e+00
1.323770498280667063e+00
1.324088790700573171e+00
1.324601193275929178e+00
1.325308890048027655e+00
1.326213528673875652e+00
1.327317236389295552e+00
1.328622640973390556e+00
1.330132897201210085e+00
1.331851719416969670e+00
1.333783421033666095e+00
1.335932961975565769e+00
1.338306005339674476e+00
1.340908984876941767e+00
1.343749185304708105e+00
1.346834837987763045e+00
1.350175235206175994e+00
1.353780867119307896e+00
1.357663586715795123e+00
1.384067616298491510e+00
1.406134617568231437e+00
1.434893266200970796e+00
1.482626434999229303e+00
1.543150062273532352e+00
1.557612697804406032e+00
1.574011391278971495e+00
1.593015340701456228e+00
1.615830078325325658e+00
1.645117181858479105e+00
1.690424518364174622e+00
1.692412025793858854e+00
1.698467322229298304e+00
1.697229072129347260e+00
1.719339671953467708e+00
1.604267648451393580e+00
1.629932083858295133e+00
1.665149195720444508e+00
1.719882725518160571e+00
1.601364542699105442e+00
1.626239689711070024e+00
1.659688086311971400e+00
1.728810518651706873e+00
1.630318592850499515e+00
1.623256621143226219e+00
1.655458701395652765e+00
1.714012747596785902e+00
1.642366069435824194e+00
1.685614873920580292e+00
1.632695136576942208e+00
1.669706813239482557e+00
1.622889715723605297e+00
1.655279002772544805e+00
1.715102580434292756e+00
1.644893305999011623e+00
1.691361299736111157e+00
1.639322126547106073e+00
1.605629189213598318e+00
1.632436219607660499e+00
1.670457581600581110e+00
1.625110132719404854e+00
1.659663648933367819e+00
1.657244823359729891e+00
1.653546394610575510e+00
1.636623231773793430e+00
1.712513225728416799e+00
1.665038271551966487e+00
1.681158922082849783e+00
1.701749308867629207e+00
1.726890189962150934e+00
1.760357099164862715e+00
1.822688539529114360e+00
1.724891578535080905e+00
1.757847897303634888e+00
1.816911321989318706e+00
1.782467946305850814e+00
1.684025082567692344e+00
1.705682106039836166e+00
1.732597548404827048e+00
1.770066750397353506e+00
1.722972369467119291e+00
1.756210482333053990e+00
1.817143549134249580e+00
1.742585262248538047e+00
1.787870766662597033e+00
1.681386510389027089e+00
1.703345110880087665e+00
1.730789180896521673e+00
1.769598856408923560e+00
1.726202991279397692e+00
1.763349847462442055e+00
1.727391416512138900e+00
1.766029185166034354e+00
1.722225043631607555e+00
1.758916271599132441e+00
1.718647038534559357e+00
1.754600497272928106e+00
1.713908599650085129e+00
1.748474053712381515e+00
1.823022124623232321e+00
1.744676525389716071e+00
1.813327446552174704e+00
1.760448843002142771e+00
1.738051987500019102e+00
1.800256854874868084e+00
2.008172139202152096e+00
1.966968918092817153e+00
2.000253704573934144e+00
2.055242773373524123e+00
1.986076652394745290e+00
1.950214854630337280e+00
1.989137446230108797e+00
1.951405833255324795e+00
2.010614319013832141e+00
1.963419592469568098e+00
2.034281597483466708e+00
1.973243260132548471e+00
1.938652723119955956e+00
1.998434169285054907e+00
1.954217349810352777e+00
2.043585203426521613e+00
1.972256383018442749e+00
1.936248148338962416e+00
1.999963526324849639e+00
1.952619012025244016e+00
1.921407063585985897e+00
1.972052603820844796e+00
1.934259445659957111e+00
1.986845586783092088e+00
1.942615033647068890e+00
2.041135788528118500e+00
1.962813920592530348e+00
1.926293020134369094e+00
1.989965785894075578e+00
1.941807488484133648e+00
2.016552790764492897e+00
1.952060645671676475e+00
1.917037796078928436e+00
1.967639100619086090e+00
1.926501261331877490e+00
1.967384214388270047e+00
2.005175523870939447e+00
1.956891149645783701e+00
2.244612503007266557e+00
2.210140457364817568e+00
2.207835431400592796e+00
2.227410544964334438e+00
2.172058183423287492e+00
2.193837415155324599e+00
2.152448606631685912e+00
2.192896845706089781e+00
2.151464080603414875e+00
2.210040639539649909e+00
2.161276405716492821e+00
2.239628231789637880e+00
2.174402529285420549e+00
2.137966048873573222e+00
2.192732233432332034e+00
2.149654341435657035e+00
2.203833891106755427e+00
2.155377319645030099e+00
2.219806273492368032e+00
2.162568969566971422e+00
2.241053918953789026e+00
2.168756887031208169e+00
2.241175194342591048e+00
2.166891236586808933e+00
2.129267506151546918e+00
2.175097154046724324e+00
2.133855375483504790e+00
2.182117641980210188e+00
2.136917393315264313e+00
2.193622805056141711e+00
2.142095530207504428e+00
2.205464343187140130e+00
2.145840836819219888e+00
2.181742324614138528e+00
2.132518424917840605e+00
2.154020701635409818e+00
2.160616446501099741e+00
2.198248912779287245e+00
2.149038483823809020e+00
2.134091975668483965e+00
2.134540530792944146e+00
2.172869742645235469e+00
2.108518622284533794e+00
2.155357496481416835e+00
2.098867985609450315e+00
2.135142763662899235e+00
2.086928000814327167e+00
2.129452208839922811e+00
2.082290520906497022e+00
2.122795311792627704e+00
2.076788833021523839e+00
2.117565476611636743e+00
2.072366784671169970e+00
2.117457966015384496e+00
2.070685584239532417e+00
2.126910746287861809e+00
2.074374988969800881e+00
2.041165815914638415e+00
2.107056772834914771e+00
2.062105854364129076e+00
2.041670074082215791e+00
2.111028346372681774e+00
2.064602498845722778e+00
2.031218293051421320e+00
2.119452591211517856e+00
2.066336445865966986e+00
2.033007285361445149e+00
2.035399464253132784e+00
2.102650449217878137e+00
2.065098993744062028e+00
2.024953589238564167e+00
2.000360831756530899e+00
2.098009848026619384e+00
2.052514335953873115e+00
2.021550866649589828e+00
1.997142300088013300e+00
2.092949871292967945e+00
2.048762166730030199e+00
2.018275480745440831e+00
1.994137640998641103e+00
2.089863346932649080e+00
2.046135703484749602e+00
2.015825656600307436e+00
2.141090284680586375e+00
2.068558188306933054e+00
2.031768000636592131e+00
2.004377336812842803e+00
2.139163732272794771e+00
2.067168415958531735e+00
2.030445599483303720e+00
2.003089086683252695e+00
2.122805128517304851e+00
2.060979925672616453e+00
2.025758287048012196e+00
2.145864139264842763e+00
2.066858551740908378e+00
2.029508917104916765e+00
2.001865978090891396e+00
2.072325004195194165e+00
2.032748065364430978e+00
2.130947190539539182e+00
2.060890612998829141e+00
2.024432854929257619e+00
2.097530703026994292e+00
2.046224473507019415e+00
2.013470158271037036e+00
2.074780511420985185e+00
2.032240275993536738e+00
2.103267604952197001e+00
2.046726067755833878e+00
2.012651383406750760e+00
2.078906193289605575e+00
2.032988883715145079e+00
2.001946564951149199e+00
2.059168662110577586e+00
2.019625202852337598e+00
2.078227053332612151e+00
2.030194666929864944e+00
2.102708111712991546e+00
2.040378245454954165e+00
2.098936768526252106e+00
2.037209143117538979e+00
2.065008354730959894e+00
2.081178486962966812e+00
2.084173568331045612e+00
2.051212628812729033e+00
2.041896519164896340e+00
2.056692513333962857e+00
2.090408091887412834e+00
2.020889192104907028e+00
2.031028310548775195e+00
2.051784401096864663e+00
2.090696885380107783e+00
2.015730167479932167e+00
2.027818744101554049e+00
2.042041097134391858e+00
2.052689269492577129e+00
2.096625522262966168e+00
2.006397963756341607e+00
2.018541701503929087e+00
2.027221683832818755e+00
2.049610838875716823e+00
1.987948849618715208e+00
1.999807939436165194e+00
2.032582547385685778e+00
1.976823597551780054e+00
2.023180536256024453e+00
1.970548104928903976e+00
2.025103322437886710e+00
1.970011216982707536e+00
1.936641556170652034e+00
1.994838080621845089e+00
1.952490623065925135e+00
1.922985384566683553e+00
1.990382659656795505e+00
1.948671181877757563e+00
1.919418046671190314e+00
1.988207062528211999e+00
1.946516798382554425e+00
1.917278378867428801e+00
2.035878135633104602e+00
1.968219479573880326e+00
1.932660318329424864e+00
1.906060645689781952e+00
2.031013697637484405e+00
1.965253733699297678e+00
1.929966338948361670e+00
1.929542698295444891e+00
2.039835056500152621e+00
1.966561185528103106e+00
1.930403562566129105e+00
1.903531145701079952e+00
2.029759983621480579e+00
1.962638028205700103e+00
1.927184059294086760e+00
1.927126556983324468e+00
1.972495129354370436e+00
1.933367832650877638e+00
1.905189051938205980e+00
1.983331430701056775e+00
1.949211264309775204e+00
1.988672975976601975e+00
1.975830911723276850e+00
1.946103164279366693e+00
1.994744676784538484e+00
1.978161728983381273e+00
2.012294875520525661e+00
1.950859403375035050e+00
2.000286323989151516e+00
1.952503501804688790e+00
1.967712236330587894e+00
1.984545591038043622e+00
2.039999992426599018e+00
1.956324989815590332e+00
1.915647488805860110e+00
1.886894282416314406e+00
1.863920050197891198e+00
1.844574543261086497e+00
1.827799645951400098e+00
1.812980647305058701e+00
1.799722492651911088e+00
1.787753320377125643e+00
1.776876556352540604e+00
1.766944645992323704e+00
1.757932620969356208e+00
1.749729694257462498e+00
1.742180569833125414e+00
1.735228215897986814e+00
1.728825207157890231e+00
1.722931703992170105e+00
1.717513958752317826e+00
1.712543190892268807e+00
1.707994726096485616e+00
1.703847328226876012e+00
1.700082674689999074e+00
1.700079204445875680e+00
1.701346381743959135e+00
1.698667608949593788e+00
1.694604679788326296e+00
1.694950067872651012e+00
1.695814144063403361e+00
1.696984146893309564e+00
1.696531816189547293e+00
1.694686936499647079e+00
1.695937248735930325e+00
1.692237740911272326e+00
1.693534953623593520e+00
1.690559625565837498e+00
1.689842035897578310e+00
1.689729844302091832e+00
1.686804373004539448e+00
1.683392367012068291e+00
1.685467642797849219e+00
1.688209089646930838e+00
1.681090656759499202e+00
1.683405552836966690e+00
1.686048002958499437e+00
1.679073980556722079e+00
1.681297190150639276e+00
1.683845001488625703e+00
1.686726718908656775e+00
1.673103490560524875e+00
1.674898346063136589e+00
1.677006313366874002e+00
1.679434780445466346e+00
1.682192495205943050e+00
1.677002191063894809e+00
1.679665224428335435e+00
1.674860395408433122e+00
1.677526964290958933e+00
1.680528839104095118e+00
1.676699787858757285e+00
1.673215220795986502e+00
1.676205016294122885e+00
1.674660772270756492e+00
1.671386854543748246e+00
1.567005309623104248e+00
1.539283782563896086e+00
1.601772805031530300e+00
1.563420677228481104e+00
1.644846667706242105e+00
1.584000043810801284e+00
1.551990120229552073e+00
1.626197383289460507e+00
1.577319189721134496e+00
1.547456885477348498e+00
1.617898896029613010e+00
1.573496474201650619e+00
1.544811480472136456e+00
1.666930199060932427e+00
1.567778129336176107e+00
1.540686078183932883e+00
1.620909721241745372e+00
1.563678088314066184e+00
1.636063058713548291e+00
1.582851294170032785e+00
1.616716140200368246e+00
1.621149895399965013e+00
1.610933176519413701e+00
1.573780787275275816e+00
1.612231001662969065e+00
1.668061938347233930e+00
1.669909425092382493e+00
1.652136339362272777e+00
1.593195069082267601e+00
1.648449232536331577e+00
1.591564544667783077e+00
1.652366230432753103e+00
1.589730090415288455e+00
1.645900032898948373e+00
1.587998988591556859e+00
1.642953943093863556e+00
1.587133562969238909e+00
1.613660317482332740e+00
1.639144039040265177e+00
1.636026160883528480e+00
1.645146486792894436e+00
1.588747237504390508e+00
1.557339136853796324e+00
1.533595488358826087e+00
1.514077342808956450e+00
1.497355964891216473e+00
1.004772051987217196e+00
1.045489276256886368e+00
1.037237033158166843e+00
9.764511030498431721e-01
9.991987716224504101e-01
1.034048663614473007e+00
1.062592845177003920e+00
1.011844624782357371e+00
1.068404719237256328e+00
1.032752220642993768e+00
1.032474625628650555e+00
9.982257040998759878e-01
1.025859122396502343e+00
1.040249047385823689e+00
9.885739298951278231e-01
1.012476058859117067e+00
1.051391532187826439e+00
1.022831868326840921e+00
1.064676868807748367e+00
1.029527089195346301e+00
1.032247906879850241e+00
9.976923076631751819e-01
1.026561969494159676e+00
1.014451261346694499e+00
1.077350000599628155e+00
1.016170718874175982e+00
1.065043148219393165e+00
1.021552598392021061e+00
1.006147309375173826e+00
1.041858554933794423e+00
1.022125653591875016e+00
9.921611619231708312e-01
9.710689841232383879e-01
9.721109235117539882e-01
9.920225079108028199e-01
1.019051931176077952e+00
9.272522255612419828e-01
9.392122321562336174e-01
9.527699807509956154e-01
9.685400088161492116e-01
9.876869974284455678e-01
1.013049716416185131e+00
1.059808714786125261e+00
9.820877133985339569e-01
1.005406391733384197e+00
1.042173683215358304e+00
9.829477147745263599e-01
1.006684942900432755e+00
1.045083722672986104e+00
9.782090859435351726e-01
1.000386715688110773e+00
1.033349568330311108e+00
9.778314342214320387e-01
9.725010520680967829e-01
9.672754800211398329e-01
1.202709984539886090e+00
1.141941635670648214e+00
1.113924978185763193e+00
1.093104817787336369e+00
1.076076228143212798e+00
1.007927003572387514e+00
1.049207582352037260e+00
9.887654005591768325e-01
1.015479589834548557e+00
9.758373284450050367e-01
9.976266465680088125e-01
1.029464239402494874e+00
9.907718426675108381e-01
1.018603652121184089e+00
1.007757430251147612e+00
1.049850357177277704e+00
1.066829063142535894e+00
1.003591110453248225e+00
1.041632950642588096e+00
1.054827259267485218e+00
1.059385392506636103e+00
1.044973008603981679e+00
1.043833106815476919e+00
1.006103669231482867e+00
1.050249409886846230e+00
1.018426293897749524e+00
1.025896155284678590e+00
1.036757621472987001e+00
1.054161746115070297e+00
1.079754018628094503e+00
1.124310929319399577e+00
1.127145719439379246e+00
1.120033434588777688e+00
1.155046123781946488e+00
1.076829653123744235e+00
1.107109022390130093e+00
1.118210330893448567e+00
1.151907708024933141e+00
1.072721110018308055e+00
1.085065138077739633e+00
1.231790256608992884e+00
1.197767579674993588e+00
1.174197803923927141e+00
1.155415730487743264e+00
1.139561749166901228e+00
1.125744639252437507e+00
1.113454531615526877e+00
1.122553765059011832e+00
1.159602890789893648e+00
1.092282162691154079e+00
1.129563260524819590e+00
1.132878917581892297e+00
1.125191427649842923e+00
1.156837828711815064e+00
1.145062531801963157e+00
1.094228732574183960e+00
1.109758151875483101e+00
1.124829697667812933e+00
1.225635883514352154e+00
1.194547864643233925e+00
1.195215890085477684e+00
1.221854549672326318e+00
1.167696205217509497e+00
1.195785494984737962e+00
1.157192646253455637e+00
1.183028549850845490e+00
1.153325802941812084e+00
1.204161537507478785e+00
1.207905837752776490e+00
1.162851622788069195e+00
1.186071000652113128e+00
1.161021274897461097e+00
1.253837613692152742e+00
1.200457224646726218e+00
1.229780482690627785e+00
1.298816132530547396e+00
1.309547067080590876e+00
1.307854948440793974e+00
1.306365330514150047e+00
1.305074635036268305e+00
1.303979814917472613e+00
1.303078323567707253e+00
1.302368089897537828e+00
1.301847498412434634e+00
1.301515373949527987e+00
1.301370970719237574e+00
1.301413965413791507e+00
1.301644454234859527e+00
1.302062953777038290e+00
1.302670405785957275e+00
1.303468185892555642e+00
1.304458116511803434e+00
1.305642484188136443e+00
1.307024061775198032e+00
1.308606135958602312e+00
1.310392540773050341e+00
1.312387697936316489e+00
1.314596665031582789e+00
1.317025192828151559e+00
1.319679793354696873e+00
1.322567820750242484e+00
1.325697567444987568e+00
1.329078378906154878e+00
1.332720791079103240e+00
1.336636695840348388e+00
1.340839541370432597e+00
1.345344576516337209e+00
1.350169151189901662e+00
1.355333089008982750e+00
1.360859154296474305e+00
1.366773644093140394e+00
1.373107148429635105e+00
1.379895541067629905e+00
1.387181292190604598e+00
1.395015240957987235e+00
1.403459041828183373e+00
1.412588627458689183e+00
1.422499258935029598e+00
1.433313157397634097e+00
1.445191544742058021e+00
1.458354684410165580e+00
1.473117593294126726e+00
1.489959701167653305e+00
1.509679045266326014e+00
1.533806065330876489e+00
1.566170967384949542e+00
1.631628292907894240e+00
1.587923887900644093e+00
1.603665863186400475e+00
1.614184449715818870e+00
1.625716605793759983e+00
1.638446202185166900e+00
1.652626894681152203e+00
1.668626123212709089e+00
1.687013163906280866e+00
1.708761490613649903e+00
1.735826379260666741e+00
1.773638797573655168e+00
1.279330660405659792e+00
1.340865296549629271e+00
1.295670688155045935e+00
1.256100502320445234e+00
1.289424829352668000e+00
1.252992818519796936e+00
1.284955520368905368e+00
1.273450985849571504e+00
1.284213535962309249e+00
1.251210566263923241e+00
1.289227869232680179e+00
1.276780514914105380e+00
1.281315946537501915e+00
1.275102543776358788e+00
1.278658851877562341e+00
1.295720107199610061e+00
1.276008959989241021e+00
1.319674985030492076e+00
1.292878403351324090e+00
1.250617002583917836e+00
1.280234870208298403e+00
1.244276071086634960e+00
1.277829855654663449e+00
1.245386238777118182e+00
1.281156327846397547e+00
1.256899862414836644e+00
1.305023903601171709e+00
1.294786777382039844e+00
1.304955705884343287e+00
1.281380677364684750e+00
1.257187344566385701e+00
1.255564191574814359e+00
1.258382137316859106e+00
1.240346184338044111e+00
1.259604428051883218e+00
1.217736176664053538e+00
1.251226437328645247e+00
1.242972912790323514e+00
1.244689475456451699e+00
1.215686185110096407e+00
1.250741504109067925e+00
1.228999433437147903e+00
1.252782591482282770e+00
1.284277831436431816e+00
1.252087015527282299e+00
1.270607960979200923e+00
1.240773529596737257e+00
1.226185394091505287e+00
1.252127112896157080e+00
1.265332581989236038e+00
1.276756955473836497e+00
1.295023341836651909e+00
1.272825588490723137e+00
1.241180350038025404e+00
1.280534830618929920e+00
1.255911262964322317e+00
1.252023271834017848e+00
1.219452021501965300e+00
1.233540132948587997e+00
1.225928848273211802e+00
1.255983401517202891e+00
1.236467742183958718e+00
1.227409607996262420e+00
1.255901232692956393e+00
1.256898094459769633e+00
1.277884900799953982e+00
1.270324886350468807e+00
1.275993810543815776e+00
1.271552525616351570e+00
1.270840960949267906e+00
1.228310371708932092e+00
1.252121466257573923e+00
2.201573511445053644e+00
2.158279166128474369e+00
2.127806643462732072e+00
2.103537963707051706e+00
2.083169191563324141e+00
2.065568663997125576e+00
2.050079600407736624e+00
2.036280224828980856e+00
2.023880502110918744e+00
2.012670901736929086e+00
2.002494320694904406e+00
1.993229517732308720e+00
1.984780763557204786e+00
1.977071072134771512e+00
1.970037605657873891e+00
1.963628456983891990e+00
1.957800337201709651e+00
1.952516876703279669e+00
1.947747353469299947e+00
1.943465726025845663e+00
1.939649888388945920e+00
1.936281089965708802e+00
1.933343480319456908e+00
1.930823750156027918e+00
1.928710847798448480e+00
1.926995755996889548e+00
1.925671317940494731e+00
1.924732104298719104e+00
1.924174315357264797e+00
1.923995714057295192e+00
1.924195587158614495e+00
1.924774732948379974e+00
1.925735475000948771e+00
1.923142290051636838e+00
1.918081174760807972e+00
1.913511485560052794e+00
1.909409281417300486e+00
1.905754190866210784e+00
1.902528902335174354e+00
1.899718762228850721e+00
1.897311456676746388e+00
1.895296759391833286e+00
1.893666332730516322e+00
1.892413572423186086e+00
1.891533488954586062e+00
1.891022620485806049e+00
1.890878973712948774e+00
1.891101990285693146e+00
1.891692537462356105e+00
1.892652922636524071e+00
1.893986932303136417e+00
1.895699897004808898e+00
1.593969988932711246e+00
1.532322711404558557e+00
1.500617387891714172e+00
1.476886094050398945e+00
1.457453973929819124e+00
1.440837338238240450e+00
1.315313341242828171e+00
1.270558198282898399e+00
1.309271595282416767e+00
1.263167359288043690e+00
1.344413737733567427e+00
1.325775568689965933e+00
1.311827907673926097e+00
1.333244488835632291e+00
1.294212457250927040e+00
1.314724539611996645e+00
1.297011427564548347e+00
1.279475149253979094e+00
1.296382629834669009e+00
1.345225723469178236e+00
1.325537155791292054e+00
1.327377178059169216e+00
1.375073064266180367e+00
1.280134092477497099e+00
1.322346514426222086e+00
1.284986776959087029e+00
1.311304613388167617e+00
1.323517856125726588e+00
1.333061723094477902e+00
1.278867518086628907e+00
1.297365308325772570e+00
1.317289027417979375e+00
1.314565340365247081e+00
1.322287897737742801e+00
1.326890254913939637e+00
1.292257605802111575e+00
1.284197114460147393e+00
1.329042248102948021e+00
1.276490125010808052e+00
1.341359227773051943e+00
1.313434985287841528e+00
1.285513204823300004e+00
1.310913730262819987e+00
1.301829002406976743e+00
1.296736323794286161e+00
1.311899797644690224e+00
1.276217728434752230e+00
1.342985323118541352e+00
1.302301805676303159e+00
1.323656526693889113e+00
1.314947977587093364e+00
1.296653893960688642e+00
1.331938635537715188e+00
1.304425565265614928e+00
1.325007274000659097e+00
1.282884464899353372e+00
1.314409388660692901e+00
1.358302151109245681e+00
1.352177237039333679e+00
1.345331512606799507e+00
1.358694649084692951e+00
1.321413342546121417e+00
1.349759570670929554e+00
1.368786712766448588e+00
1.339290741273718499e+00
1.298584815176489160e+00
1.303678551856730872e+00
1.302661276590058703e+00
1.285999200972290701e+00
1.323705603173349843e+00
1.282325280117336153e+00
1.353665050885443089e+00
1.298572957231851843e+00
1.326842365675537039e+00
1.302281654244495490e+00
1.322543034606522783e+00
1.264146273249201702e+00
1.278947160630146795e+00
1.292153659496373175e+00
1.308048782069076488e+00
1.320717322033596597e+00
1.267423068770438865e+00
1.280962315094688497e+00
1.288577216281704185e+00
1.319988160113235276e+00
1.341617347910555091e+00
1.321573726914007985e+00
1.356020191589826229e+00
1.326220580181648012e+00
1.345530541104954292e+00
1.324257099394519299e+00
1.262669240749977773e+00
1.251570918781465647e+00
1.274017493030379145e+00
1.263964496993526199e+00
1.276338257879253035e+00
1.248260741703843824e+00
1.265682123287845240e+00
1.255817550574862773e+00
1.268559690831337905e+00
1.232100840195655689e+00
1.212458113429752959e+00
1.247325076753753592e+00
1.204125020300125692e+00
1.279715802799614055e+00
1.258645707490966492e+00
1.260671087402181367e+00
1.267618861527117113e+00
1.260165551565114228e+00
1.256413879290846580e+00
1.256932688691449140e+00
1.271974270416933228e+00
1.242356448793779933e+00
1.267525747041786000e+00
1.241045579867484872e+00
1.253581110338199300e+00
1.259444294690871269e+00
1.284450377362145179e+00
1.218418481963547961e+00
1.235696907207925577e+00
1.249269915203681247e+00
1.236802484557918858e+00
1.263431046157151849e+00
1.234743741515198501e+00
1.250879082222015271e+00
1.234212951623213650e+00
1.222593545055973285e+00
1.194103000746396193e+00
1.233056229487155653e+00
1.248406218509523935e+00
1.199590423264000005e+00
1.240312710735364643e+00
1.229947492174095380e+00
1.259878012509877632e+00
1.234448593483830292e+00
1.294448498121346880e+00
1.226947862477424378e+00
1.275172538638495556e+00
1.223321704772638352e+00
1.238641260657946885e+00
1.247418564316056910e+00
1.285876028082465261e+00
1.256956707311430055e+00
1.238933193816741163e+00
1.207548957336773698e+00
1.197762586596008205e+00
1.243715719943143005e+00
1.198973316672675704e+00
1.218296455431984171e+00
1.165351176118939680e+00
1.199342256617062841e+00
1.227243397701740735e+00
1.236063133194406749e+00
1.329976373634785602e+00
1.293445106693510871e+00
1.333273756477893812e+00
1.295345180206791014e+00
1.321716265766561760e+00
1.288390219649073076e+00
1.268207469526849263e+00
1.355110581284050486e+00
1.335958792613985757e+00
1.296838520847435117e+00
1.373647481170719109e+00
1.328854998702939660e+00
1.343220934293997360e+00
1.330894227518212070e+00
1.293981123924222709e+00
1.268958567820452910e+00
1.249163617941474902e+00
1.234465135769787558e+00
1.229647309624544382e+00
1.205224510107222091e+00
1.214211648150670397e+00
1.203246321454785273e+00
1.200934171671524497e+00
1.225144377107393767e+00
1.227773252272954307e+00
1.227576158081272073e+00
1.227212072015206878e+00
1.236434558108276072e+00
1.193780283934763098e+00
1.208324973864952190e+00
1.180693567878325689e+00
1.239782005819655364e+00
1.211876810853313557e+00
1.230514656400043094e+00
1.224360289149287073e+00
1.195618903730491622e+00
1.224160421883009997e+00
1.192457985001265763e+00
1.197433422386017243e+00
1.242977130225764393e+00
1.189411947838771022e+00
1.204228216900933512e+00
1.206841888672731899e+00
1.182667917397409951e+00
1.200774514744787913e+00
1.207558442530276555e+00
1.195908801986161896e+00
1.206133053759946172e+00
1.218815595577789290e+00
1.235873213049112795e+00
1.190733545201990706e+00
1.158694395351540507e+00
1.152008569345325029e+00
1.153605029875951926e+00
1.160557006312090911e+00
1.171351729473720571e+00
1.124970574889842867e+00
1.098686760226307291e+00
1.078718094094733626e+00
1.062231997329236899e+00
1.048044807952331681e+00
1.035526257162403985e+00
1.024293024110803696e+00
1.033814892974108002e+00
1.018999246595719610e+00
1.038089641210755643e+00
1.000218313726089825e+00
9.915644020427828442e-01
9.903461054136456498e-01
1.019127139494236500e+00
1.053434252826939144e+00
9.816536710544098154e-01
9.946633500859431987e-01
1.029775051732366498e+00
1.022168538016005490e+00
1.002981399183186850e+00
9.950233179589573762e-01
1.010325152510022750e+00
9.841096692061057638e-01
1.005028528139392696e+00
9.885723706001543487e-01
9.906341256707446030e-01
1.072376588176662704e+00
1.040585519601298303e+00
1.018582688497896349e+00
1.001045120345169570e+00
9.929632568730659692e-01
9.733082911259658410e-01
9.781194783376911950e-01
9.605215795293023939e-01
9.689108297305122353e-01
1.011634017580031575e+00
1.004824474658865707e+00
9.779221138800839874e-01
9.459742029329062385e-01
9.362382942623239668e-01
9.116683370994675961e-01
9.072140028773355569e-01
8.848180530829827806e-01
9.538221864993787769e-01
9.173638433765651801e-01
9.773159658625155677e-01
9.331003725278473881e-01
9.437961782980855974e-01
9.313958439258264166e-01
9.642840211931194006e-01
9.229549610867699982e-01
9.850509601210412081e-01
9.581963338975120204e-01
9.389095582994235745e-01
9.233017345123968322e-01
9.183118346655931852e-01
9.052584364449848264e-01
9.271748381582531895e-01
1.034648160905202374e+01
6.318575189065570363e+00
3.138173132426239853e+00
