-1.327739350908480000e-16
-4.376399260026108129e-01
-6.592032652376210444e-02
-1.100928339436436865e+01
-1.438774486389218898e+00
5.915771640965848954e-01
5.915726505054208495e-01
5.916177779754918653e-01
5.916204576350286848e-01
5.916558092921537781e-01
5.916955074604053344e-01
5.917697430670245673e-01
5.918185992004696416e-01
5.918748953510000188e-01
5.919481241515052172e-01
5.920518053171874850e-01
5.921511271991266590e-01
5.922525954078751154e-01
5.923545440770390247e-01
5.924729187131223540e-01
5.926151121583718151e-01
5.927484956190206544e-01
5.929302643818850083e-01
5.930583093436192499e-01
5.932177979128632206e-01
5.933895476839936567e-01
5.935709706878888881e-01
5.937238102506899873e-01
5.938646694911485779e-01
5.940282765253076525e-01
5.942307551264404131e-01
5.944462516158907084e-01
5.946837458518899888e-01
5.949436645144049463e-01
5.952273654677737724e-01
5.955122419164733394e-01
5.958271639223344796e-01
5.961253690102124025e-01
5.964315521044971646e-01
5.967795660152449555e-01
5.971303298184220676e-01
5.975066585877416570e-01
5.978864446593398219e-01
5.983114896130398153e-01
5.986496722443107599e-01
5.990393859759425288e-01
5.994809698702470158e-01
5.999648918253492891e-01
6.003998893536898196e-01
6.008458271101977388e-01
6.013305224573372021e-01
6.017354107108707773e-01
6.021799377519481133e-01
6.026174152540464402e-01
0.000000000000000000e+00
0.000000000000000000e+00
0.000000000000000000e+00
0.000000000000000000e+00
0.000000000000000000e+00
0.000000000000000000e+00
0.000000000000000000e+00
0.000000000000000000e+00
0.000000000000000000e+00
0.000000000000000000e+00
0.000000000000000000e+00
0.000000000000000000e+00
0.000000000000000000e+00
0.000000000000000000e+00
0.000000000000000000e+00
0.000000000000000000e+00
0.000000000000000000e+00
0.000000000000000000e+00
0.000000000000000000e+00
0.000000000000000000e+00
0.000000000000000000e+00
0.000000000000000000e+00
0.000000000000000000e+00
0.000000000000000000e+00
0.000000000000000000e+00
0.000000000000000000e+00
0.000000000000000000e+00
0.000000000000000000e+00
0.000000000000000000e+00
0.000000000000000000e+00
0.000000000000000000e+00
0.000000000000000000e+00
0.000000000000000000e+00
0.000000000000000000e+00
0.000000000000000000e+00
0.000000000000000000e+00
0.000000000000000000e+00
0.000000000000000000e+00
0.000000000000000000e+00
0.000000000000000000e+00
0.000000000000000000e+00
0.000000000000000000e+00
0.000000000000000000e+00
0.000000000000000000e+00
0.000000000000000000e+00
0.000000000000000000e+00
0.000000000000000000e+00
0.000000000000000000e+00
0.000000000000000000e+00
0.000000000000000000e+00
0.000000000000000000e+00
0.000000000000000000e+00
0.000000000000000000e+00
0.000000000000000000e+00
0.000000000000000000e+00
0.000000000000000000e+00
0.000000000000000000e+00
0.000000000000000000e+00
0.000000000000000000e+00
0.000000000000000000e+00
0.000000000000000000e+00
0.000000000000000000e+00
0.000000000000000000e+00
0.000000000000000000e+00
0.000000000000000000e+00
0.000000000000000000e+00
0.000000000000000000e+00
0.000000000000000000e+00
0.000000000000000000e+00
0.000000000000000000e+00
0.000000000000000000e+00
0.000000000000000000e+00
0.000000000000000000e+00
0.000000000000000000e+00
0.000000000000000000e+00
0.000000000000000000e+00
0.000000000000000000e+00
0.000000000000000000e+00
0.000000000000000000e+00
0.000000000000000000e+00
0.000000000000000000e+00
0.000000000000000000e+00
0.000000000000000000e+00
0.000000000000000000e+00
0.000000000000000000e+00
0.000000000000000000e+00
0.000000000000000000e+00
0.000000000000000000e+00
0.000000000000000000e+00
0.000000000000000000e+00
0.000000000000000000e+00
0.000000000000000000e+00
0.000000000000000000e+00
0.000000000000000000e+00
0.000000000000000000e+00
0.000000000000000000e+00
0.000000000000000000e+00
0.000000000000000000e+00
0.000000000000000000e+00
0.000000000000000000e+00
0.000000000000000000e+00
0.000000000000000000e+00
0.000000000000000000e+00
0.000000000000000000e+00
0.000000000000000000e+00
0.000000000000000000e+00
0.000000000000000000e+00
0.000000000000000000e+00
0.000000000000000000e+00
0.000000000000000000e+00
0.000000000000000000e+00
0.000000000000000000e+00
0.000000000000000000e+00
0.000000000000000000e+00
0.000000000000000000e+00
0.000000000000000000e+00
0.000000000000000000e+00
0.000000000000000000e+00
0.000000000000000000e+00
0.000000000000000000e+00
0.000000000000000000e+00
0.000000000000000000e+00
0.000000000000000000e+00
0.000000000000000000e+00
0.000000000000000000e+00
0.000000000000000000e+00
0.000000000000000000e+00
0.000000000000000000e+00
0.000000000000000000e+00
0.000000000000000000e+00
0.000000000000000000e+00
0.000000000000000000e+00
0.000000000000000000e+00
0.000000000000000000e+00
0.000000000000000000e+00
0.000000000000000000e+00
0.000000000000000000e+00
0.000000000000000000e+00
0.000000000000000000e+00
0.000000000000000000e+00
0.000000000000000000e+00
0.000000000000000000e+00
0.000000000000000000e+00
0.000000000000000000e+00
0.000000000000000000e+00
0.000000000000000000e+00
0.000000000000000000e+00
0.000000000000000000e+00
0.000000000000000000e+00
0.000000000000000000e+00
0.000000000000000000e+00
0.000000000000000000e+00
0.000000000000000000e+00
0.000000000000000000e+00
0.000000000000000000e+00
0.000000000000000000e+00
0.000000000000000000e+00
0.000000000000000000e+00
0.000000000000000000e+00
0.000000000000000000e+00
0.000000000000000000e+00
0.000000000000000000e+00
0.000000000000000000e+00
0.000000000000000000e+00
0.000000000000000000e+00
0.000000000000000000e+00
0.000000000000000000e+00
0.000000000000000000e+00
0.000000000000000000e+00
0.000000000000000000e+00
0.000000000000000000e+00
0.000000000000000000e+00
0.000000000000000000e+00
0.000000000000000000e+00
0.000000000000000000e+00
0.000000000000000000e+00
0.000000000000000000e+00
0.000000000000000000e+00
0.000000000000000000e+00
0.000000000000000000e+00
0.000000000000000000e+00
0.000000000000000000e+00
0.000000000000000000e+00
0.000000000000000000e+00
0.000000000000000000e+00
0.000000000000000000e+00
0.000000000000000000e+00
0.000000000000000000e+00
0.000000000000000000e+00
0.000000000000000000e+00
0.000000000000000000e+00
0.000000000000000000e+00
0.000000000000000000e+00
0.000000000000000000e+00
0.000000000000000000e+00
0.000000000000000000e+00
0.000000000000000000e+00
0.000000000000000000e+00
0.000000000000000000e+00
0.000000000000000000e+00
0.000000000000000000e+00
0.000000000000000000e+00
0.000000000000000000e+00
0.000000000000000000e+00
0.000000000000000000e+00
0.000000000000000000e+00
0.000000000000000000e+00
0.000000000000000000e+00
0.000000000000000000e+00
0.000000000000000000e+00
0.000000000000000000e+00
0.000000000000000000e+00
0.000000000000000000e+00
0.000000000000000000e+00
0.000000000000000000e+00
0.000000000000000000e+00
0.000000000000000000e+00
0.000000000000000000e+00
0.000000000000000000e+00
0.000000000000000000e+00
0.000000000000000000e+00
0.000000000000000000e+00
0.000000000000000000e+00
0.000000000000000000e+00
0.000000000000000000e+00
0.000000000000000000e+00
0.000000000000000000e+00
0.000000000000000000e+00
0.000000000000000000e+00
0.000000000000000000e+00
0.000000000000000000e+00
0.000000000000000000e+00
0.000000000000000000e+00
0.000000000000000000e+00
0.000000000000000000e+00
0.000000000000000000e+00
0.000000000000000000e+00
0.000000000000000000e+00
0.000000000000000000e+00
0.000000000000000000e+00
0.000000000000000000e+00
0.000000000000000000e+00
0.000000000000000000e+00
0.000000000000000000e+00
0.000000000000000000e+00
0.000000000000000000e+00
0.000000000000000000e+00
0.000000000000000000e+00
0.000000000000000000e+00
0.000000000000000000e+00
0.000000000000000000e+00
0.000000000000000000e+00
0.000000000000000000e+00
0.000000000000000000e+00
0.000000000000000000e+00
0.000000000000000000e+00
0.000000000000000000e+00
0.000000000000000000e+00
0.000000000000000000e+00
0.000000000000000000e+00
0.000000000000000000e+00
0.000000000000000000e+00
0.000000000000000000e+00
0.000000000000000000e+00
0.000000000000000000e+00
0.000000000000000000e+00
0.000000000000000000e+00
0.000000000000000000e+00
0.000000000000000000e+00
0.000000000000000000e+00
0.000000000000000000e+00
0.000000000000000000e+00
0.000000000000000000e+00
0.000000000000000000e+00
0.000000000000000000e+00
0.000000000000000000e+00
0.000000000000000000e+00
0.000000000000000000e+00
0.000000000000000000e+00
0.000000000000000000e+00
0.000000000000000000e+00
0.000000000000000000e+00
0.000000000000000000e+00
0.000000000000000000e+00
0.000000000000000000e+00
0.000000000000000000e+00
0.000000000000000000e+00
0.000000000000000000e+00
0.000000000000000000e+00
0.000000000000000000e+00
0.000000000000000000e+00
0.000000000000000000e+00
0.000000000000000000e+00
0.000000000000000000e+00
0.000000000000000000e+00
0.000000000000000000e+00
0.000000000000000000e+00
0.000000000000000000e+00
0.000000000000000000e+00
0.000000000000000000e+00
0.000000000000000000e+00
0.000000000000000000e+00
0.000000000000000000e+00
0.000000000000000000e+00
0.000000000000000000e+00
0.000000000000000000e+00
0.000000000000000000e+00
0.000000000000000000e+00
0.000000000000000000e+00
0.000000000000000000e+00
0.000000000000000000e+00
0.000000000000000000e+00
0.000000000000000000e+00
0.000000000000000000e+00
0.000000000000000000e+00
0.000000000000000000e+00
0.000000000000000000e+00
0.000000000000000000e+00
0.000000000000000000e+00
0.000000000000000000e+00
0.000000000000000000e+00
0.000000000000000000e+00
0.000000000000000000e+00
0.000000000000000000e+00
0.000000000000000000e+00
0.000000000000000000e+00
0.000000000000000000e+00
0.000000000000000000e+00
0.000000000000000000e+00
0.000000000000000000e+00
0.000000000000000000e+00
0.000000000000000000e+00
0.000000000000000000e+00
0.000000000000000000e+00
0.000000000000000000e+00
0.000000000000000000e+00
0.000000000000000000e+00
0.000000000000000000e+00
0.000000000000000000e+00
0.000000000000000000e+00
0.000000000000000000e+00
0.000000000000000000e+00
0.000000000000000000e+00
0.000000000000000000e+00
0.000000000000000000e+00
0.000000000000000000e+00
0.000000000000000000e+00
0.000000000000000000e+00
0.000000000000000000e+00
0.000000000000000000e+00
0.000000000000000000e+00
0.000000000000000000e+00
0.000000000000000000e+00
0.000000000000000000e+00
0.000000000000000000e+00
0.000000000000000000e+00
0.000000000000000000e+00
0.000000000000000000e+00
0.000000000000000000e+00
0.000000000000000000e+00
0.000000000000000000e+00
0.000000000000000000e+00
0.000000000000000000e+00
0.000000000000000000e+00
0.000000000000000000e+00
0.000000000000000000e+00
0.000000000000000000e+00
0.000000000000000000e+00
0.000000000000000000e+00
0.000000000000000000e+00
0.000000000000000000e+00
0.000000000000000000e+00
0.000000000000000000e+00
0.000000000000000000e+00
0.000000000000000000e+00
0.000000000000000000e+00
0.000000000000000000e+00
0.000000000000000000e+00
0.000000000000000000e+00
0.000000000000000000e+00
0.000000000000000000e+00
0.000000000000000000e+00
0.000000000000000000e+00
0.000000000000000000e+00
0.000000000000000000e+00
0.000000000000000000e+00
0.000000000000000000e+00
0.000000000000000000e+00
0.000000000000000000e+00
0.000000000000000000e+00
0.000000000000000000e+00
0.000000000000000000e+00
0.000000000000000000e+00
0.000000000000000000e+00
0.000000000000000000e+00
0.000000000000000000e+00
0.000000000000000000e+00
0.000000000000000000e+00
0.000000000000000000e+00
0.000000000000000000e+00
0.000000000000000000e+00
0.000000000000000000e+00
0.000000000000000000e+00
0.000000000000000000e+00
0.000000000000000000e+00
0.000000000000000000e+00
0.000000000000000000e+00
0.000000000000000000e+00
0.000000000000000000e+00
0.000000000000000000e+00
0.000000000000000000e+00
0.000000000000000000e+00
0.000000000000000000e+00
0.000000000000000000e+00
0.000000000000000000e+00
0.000000000000000000e+00
0.000000000000000000e+00
0.000000000000000000e+00
0.000000000000000000e+00
0.000000000000000000e+00
0.000000000000000000e+00
0.000000000000000000e+00
0.000000000000000000e+00
0.000000000000000000e+00
0.000000000000000000e+00
0.000000000000000000e+00
0.000000000000000000e+00
0.000000000000000000e+00
0.000000000000000000e+00
0.000000000000000000e+00
0.000000000000000000e+00
0.000000000000000000e+00
0.000000000000000000e+00
0.000000000000000000e+00
0.000000000000000000e+00
0.000000000000000000e+00
0.000000000000000000e+00
0.000000000000000000e+00
0.000000000000000000e+00
0.000000000000000000e+00
0.000000000000000000e+00
0.000000000000000000e+00
0.000000000000000000e+00
0.000000000000000000e+00
0.000000000000000000e+00
0.000000000000000000e+00
0.000000000000000000e+00
0.000000000000000000e+00
0.000000000000000000e+00
0.000000000000000000e+00
0.000000000000000000e+00
0.000000000000000000e+00
0.000000000000000000e+00
0.000000000000000000e+00
0.000000000000000000e+00
0.000000000000000000e+00
0.000000000000000000e+00
0.000000000000000000e+00
0.000000000000000000e+00
0.000000000000000000e+00
0.000000000000000000e+00
0.000000000000000000e+00
0.000000000000000000e+00
0.000000000000000000e+00
0.000000000000000000e+00
0.000000000000000000e+00
0.000000000000000000e+00
0.000000000000000000e+00
0.000000000000000000e+00
0.000000000000000000e+00
0.000000000000000000e+00
0.000000000000000000e+00
0.000000000000000000e+00
0.000000000000000000e+00
0.000000000000000000e+00
0.000000000000000000e+00
0.000000000000000000e+00
0.000000000000000000e+00
0.000000000000000000e+00
0.000000000000000000e+00
0.000000000000000000e+00
0.000000000000000000e+00
0.000000000000000000e+00
0.000000000000000000e+00
0.000000000000000000e+00
0.000000000000000000e+00
0.000000000000000000e+00
0.000000000000000000e+00
0.000000000000000000e+00
0.000000000000000000e+00
0.000000000000000000e+00
0.000000000000000000e+00
0.000000000000000000e+00
0.000000000000000000e+00
0.000000000000000000e+00
0.000000000000000000e+00
0.000000000000000000e+00
0.000000000000000000e+00
0.000000000000000000e+00
0.000000000000000000e+00
0.000000000000000000e+00
0.000000000000000000e+00
0.000000000000000000e+00
5.486270903487192596e-01
5.488074208461100056e-01
5.490186085556705287e-01
5.492543321878069484e-01
5.494884166464211184e-01
5.497548881003792021e-01
5.500472272041458943e-01
5.503682229682530513e-01
5.507254809615791391e-01
5.511159321054012183e-01
5.515417667058131190e-01
5.519820768810539402e-01
5.524607098594737087e-01
5.529654573226898684e-01
5.535168580120459758e-01
5.541153647817438355e-01
5.547614735573173084e-01
5.554557248838931649e-01
5.561495683988979533e-01
5.568489770386642057e-01
5.575905368156223174e-01
5.583672093582163765e-01
5.591939131738943303e-01
5.600713714428413592e-01
5.609855329842710070e-01
5.619489709259755106e-01
5.629653979699331678e-01
5.638349778379639909e-01
5.645769879351039133e-01
5.653415496222395920e-01
5.661227445767138544e-01
5.669549987218127640e-01
5.678088585117078146e-01
5.687002460618707511e-01
5.696236974433920297e-01
5.706005106613974975e-01
5.716315870003941813e-01
5.727178927874887471e-01
5.738523066691842978e-01
5.750121380282229300e-01
5.759402600539006434e-01
5.766850717044567087e-01
5.774643066623652565e-01
5.782960210237455545e-01
5.791809647988488408e-01
5.800452561707271082e-01
5.809325907226525754e-01
5.818742192731216623e-01
5.828388778394095748e-01
5.838329876786605421e-01
5.848486058245341290e-01
5.858615811328125034e-01
5.869302535582123781e-01
5.880566807303215793e-01
5.892244283806904459e-01
5.903722392196458779e-01
5.915795749994129382e-01
5.928476554055126524e-01
5.941777863852414354e-01
5.955091324489336646e-01
5.968733144292244219e-01
5.983019815267269781e-01
5.997966893056887461e-01
6.013591030231734136e-01
6.029709535186388303e-01
6.046342866394172066e-01
6.063700169667205486e-01
6.081802577581487679e-01
6.100255939928219684e-01
6.112675609973715618e-01
6.125396188234393247e-01
6.138636538952915167e-01
6.152225798880777141e-01
6.159010085082843311e-01
6.161163372518514425e-01
6.163850533933243891e-01
6.167073954657723567e-01
6.170836508603059212e-01
6.175141567772761686e-01
6.179993013523673584e-01
6.185395249662273276e-01
6.191353217478475779e-01
6.197872412835920830e-01
6.204958905456512408e-01
6.212619360557736226e-01
6.220861063024404336e-01
6.229691944322506281e-01
6.239120612392052845e-01
6.249156384789140706e-01
6.259809325385083945e-01
6.271090284973712681e-01
6.283010946187472801e-01
6.295583873179917411e-01
6.308822566598125681e-01
6.322741524445087968e-01
6.337356309521122721e-01
6.352683624237440707e-01
6.368741393717158861e-01
6.385548858242832138e-01
6.403126676279610185e-01
6.421497039505112969e-01
6.440683801517778084e-01
6.460712622183659715e-01
6.481611129928688264e-01
6.503409104702433385e-01
6.526138684848977745e-01
6.549834601742646756e-01
6.574534446810524901e-01
6.600278976507931716e-01
6.627112461986697234e-01
6.655083091665189299e-01
6.684243436759949031e-01
6.714650992189339362e-01
6.746368808267044770e-01
6.779466232485661381e-01
6.814019785746302516e-01
6.850114204040422816e-01
6.887843685428537421e-01
6.927313394042711181e-01
6.968641289011217044e-01
7.011960368509684294e-01
7.057421450364543825e-01
7.084255932733843908e-01
7.109063486866824544e-01
7.134257655016802424e-01
7.155210614667153468e-01
7.174798443130979697e-01
7.195336305571995439e-01
7.213039222449835197e-01
7.231013476846773758e-01
7.249902256504119347e-01
7.269732323412074759e-01
7.290532603370961651e-01
7.312334383737407739e-01
7.335171537459389546e-01
7.359080777654614103e-01
7.384101947837535818e-01
7.410278353953112518e-01
7.437657145685985238e-01
7.466289756157082902e-01
7.496232411193971545e-01
7.527546722000360013e-01
7.560300378434758883e-01
7.593548719103480060e-01
7.612006717978102577e-01
7.631447700283129354e-01
7.651900613470348222e-01
7.673141931725374620e-01
7.692771518418610732e-01
7.713427386836815280e-01
7.735141560547487138e-01
7.757948780745849149e-01
7.781886772067428959e-01
7.805792418052981407e-01
7.830741328285821812e-01
7.855906600548069330e-01
7.881014484772239648e-01
7.905331252623425398e-01
7.930850716399813205e-01
7.957619164235107956e-01
7.985687116140194330e-01
8.015109813982475018e-01
8.045947790616094775e-01
8.077872829309182823e-01
8.110285160180958908e-01
8.143578769866525180e-01
8.178483135904617285e-01
8.215084613055628759e-01
8.252213043899384592e-01
8.289929906057271758e-01
8.329511475214967930e-01
8.371072523008752375e-01
8.412146617987764641e-01
8.455245253034648911e-01
8.500562496370589471e-01
8.548257748330452266e-01
8.545888623062263267e-01
8.486475132601256632e-01
8.430356646354428829e-01
8.377246752401097396e-01
8.326900367848022455e-01
8.278231844290586672e-01
8.225445542757554573e-01
8.175390856119297833e-01
8.127858028937804402e-01
8.082664528040989227e-01
8.039650395288410190e-01
7.998674578145421599e-01
7.959611997639384207e-01
7.922351180217285238e-01
7.886792326331633074e-01
7.852845721181446192e-01
7.820430416352035508e-01
7.789473128020836246e-01
7.759907309842304368e-01
7.731672367892525877e-01
7.704712992031912400e-01
7.678978583354858500e-01
7.654422761475080383e-01
7.631002938559124926e-01
7.608679949494574490e-01
7.587417729528854737e-01
7.567183032263506970e-01
7.547945182126298835e-01
7.529675856440658510e-01
7.512348893018722107e-01
7.495940119862614104e-01
7.470577811331489126e-01
7.429198835783707988e-01
7.389710552638162344e-01
7.351997209126643895e-01
7.315955418625044171e-01
7.281492428526041838e-01
7.248524690520334879e-01
7.216976671166839274e-01
7.186779855188529798e-01
7.157871904685428888e-01
7.130195945498862820e-01
7.103699958040226026e-01
7.078336254541157668e-01
7.054061028261395805e-01
7.030833962975339135e-01
7.008617893241717578e-01
6.987378507686858864e-01
6.967084088905585171e-01
6.947705284685397054e-01
6.929214906147711517e-01
6.911587749120912116e-01
6.894800435648925641e-01
6.878831273021651649e-01
6.863660128112778480e-01
6.849268315140636387e-01
6.835638495243503421e-01
6.822754586491113216e-01
6.810601683148242991e-01
6.799165983169545013e-01
6.788434723044106667e-01
6.778396119225951200e-01
6.769039315488192265e-01
6.760354335624915167e-01
6.752332041000099760e-01
6.744964092507345077e-01
6.738242916560721607e-01
6.732161674786301120e-01
6.726714237127044971e-01
6.721895158112153323e-01
6.717699656075692971e-01
6.714123595139924738e-01
6.711163469805808690e-01
6.708816392018339680e-01
6.707080080596801164e-01
6.705952852941442499e-01
6.705433618947476138e-01
6.705521877076339177e-01
6.706217712551869603e-01
6.707521797666630148e-01
6.709435394200952141e-01
6.711960357974461333e-01
6.715099145567509087e-01
6.718854823268073373e-01
6.723231078318661069e-01
6.728232232557888048e-01
6.733863258572844179e-01
6.740129798501837133e-01
6.747038185652448616e-01
6.754595469128172880e-01
6.762809441688159007e-01
6.771688671099630463e-01
6.781242535282374639e-01
6.791481261589216167e-01
6.802415970618025387e-01
6.814058725009051187e-01
6.826422583749250927e-01
6.839521662583118999e-01
6.853371201220341824e-01
6.867987638136248130e-01
6.883388693884954224e-01
6.899593463990427722e-01
6.916622522652928762e-01
6.934498038711685020e-01
6.953243905547594750e-01
6.972885886899982122e-01
6.993451780920261207e-01
7.014971605206857808e-01
7.037477806076816167e-01
7.061005495953993627e-01
7.085592723518865377e-01
7.111280782210449569e-01
7.138114563843880322e-01
7.166142965574775481e-01
7.195419360287232946e-01
7.226002142824834440e-01
7.257955367475740216e-01
7.291349495980921080e-01
7.326262280350813727e-01
7.362779811362591964e-01
7.400997772352067017e-01
0.000000000000000000e+00
0.000000000000000000e+00
0.000000000000000000e+00
0.000000000000000000e+00
0.000000000000000000e+00
0.000000000000000000e+00
0.000000000000000000e+00
0.000000000000000000e+00
0.000000000000000000e+00
0.000000000000000000e+00
0.000000000000000000e+00
0.000000000000000000e+00
0.000000000000000000e+00
0.000000000000000000e+00
0.000000000000000000e+00
0.000000000000000000e+00
0.000000000000000000e+00
0.000000000000000000e+00
0.000000000000000000e+00
0.000000000000000000e+00
0.000000000000000000e+00
0.000000000000000000e+00
0.000000000000000000e+00
0.000000000000000000e+00
0.000000000000000000e+00
0.000000000000000000e+00
0.000000000000000000e+00
0.000000000000000000e+00
0.000000000000000000e+00
0.000000000000000000e+00
0.000000000000000000e+00
0.000000000000000000e+00
0.000000000000000000e+00
0.000000000000000000e+00
0.000000000000000000e+00
0.000000000000000000e+00
0.000000000000000000e+00
0.000000000000000000e+00
0.000000000000000000e+00
0.000000000000000000e+00
0.000000000000000000e+00
0.000000000000000000e+00
0.000000000000000000e+00
0.000000000000000000e+00
0.000000000000000000e+00
0.000000000000000000e+00
0.000000000000000000e+00
0.000000000000000000e+00
0.000000000000000000e+00
0.000000000000000000e+00
0.000000000000000000e+00
0.000000000000000000e+00
0.000000000000000000e+00
0.000000000000000000e+00
0.000000000000000000e+00
0.000000000000000000e+00
0.000000000000000000e+00
0.000000000000000000e+00
0.000000000000000000e+00
0.000000000000000000e+00
0.000000000000000000e+00
0.000000000000000000e+00
0.000000000000000000e+00
0.000000000000000000e+00
0.000000000000000000e+00
0.000000000000000000e+00
0.000000000000000000e+00
0.000000000000000000e+00
0.000000000000000000e+00
0.000000000000000000e+00
0.000000000000000000e+00
0.000000000000000000e+00
0.000000000000000000e+00
0.000000000000000000e+00
0.000000000000000000e+00
0.000000000000000000e+00
0.000000000000000000e+00
0.000000000000000000e+00
0.000000000000000000e+00
0.000000000000000000e+00
0.000000000000000000e+00
0.000000000000000000e+00
0.000000000000000000e+00
0.000000000000000000e+00
0.000000000000000000e+00
0.000000000000000000e+00
0.000000000000000000e+00
0.000000000000000000e+00
0.000000000000000000e+00
0.000000000000000000e+00
0.000000000000000000e+00
0.000000000000000000e+00
0.000000000000000000e+00
0.000000000000000000e+00
0.000000000000000000e+00
0.000000000000000000e+00
0.000000000000000000e+00
0.000000000000000000e+00
0.000000000000000000e+00
0.000000000000000000e+00
0.000000000000000000e+00
0.000000000000000000e+00
0.000000000000000000e+00
0.000000000000000000e+00
0.000000000000000000e+00
6.781823751866803418e-01
6.764633945196268927e-01
6.747447244962365698e-01
6.730844018369591675e-01
6.715032660113869900e-01
6.699108500222326068e-01
6.683267803314352218e-01
6.667893177271149163e-01
6.652580884856421628e-01
6.637441346132848530e-01
6.622350772841754107e-01
6.608005027116176100e-01
6.594387314613225914e-01
6.581482025719963547e-01
6.569274659275510242e-01
6.557751753930530780e-01
6.545962587769220686e-01
6.534395963024772769e-01
6.523459339697930126e-01
6.512463282374529872e-01
6.502125018028479531e-01
6.492433720657199148e-01
6.483379391698452787e-01
6.473544166133347044e-01
6.462415932439423694e-01
6.451581210772164843e-01
6.441393575905768332e-01
6.431842483307745884e-01
6.422401922125076101e-01
6.412844021472882128e-01
6.403662052982378450e-01
6.394653962186463980e-01
6.386260807098375070e-01
6.378145231325866860e-01
6.369632966743240532e-01
6.361441890303437541e-01
6.352397715592913441e-01
6.343963123672925475e-01
6.336129805479397969e-01
6.328621441750461596e-01
6.320867881391101228e-01
6.312617388006256380e-01
6.302749155417557425e-01
6.293069351442122095e-01
6.283514832104371006e-01
6.273773392858656983e-01
6.264639735013100008e-01
6.256085142707867863e-01
6.247150298800355772e-01
6.238809426314051443e-01
6.231054451325380716e-01
6.223877956846020076e-01
6.216743231793200319e-01
6.208725316645884451e-01
6.201285660555218016e-01
6.193613201250733891e-01
6.185150685580749208e-01
6.176973508456575779e-01
6.169372062843989646e-01
6.162339167202395274e-01
6.155594100515566769e-01
6.148147067059734905e-01
6.140632856237623338e-01
6.133682437212859551e-01
6.126881833252688647e-01
6.119741467457193718e-01
6.113158374598445244e-01
6.107126495627008822e-01
6.101640330983968408e-01
6.095781624451055425e-01
6.090238434578595372e-01
6.085234881768813997e-01
6.080766483599038263e-01
6.076399047537652809e-01
6.071464611289848490e-01
6.066697565941152614e-01
6.061281547043000373e-01
6.056400329563859097e-01
6.051417017238650553e-01
6.045968674822629341e-01
6.041053312653308360e-01
6.036428020960664664e-01
6.031808918417367327e-01
6.027169338307286628e-01
6.022834917572561508e-01
6.018329211460976547e-01
6.014346487797674889e-01
6.010883261831065916e-01
6.006282785239015487e-01
6.000585638909919917e-01
5.995303719356980254e-01
5.990546797457838579e-01
5.986196958531184720e-01
5.980673106087674995e-01
5.975674069356143869e-01
5.971195451869083515e-01
5.967233342769568960e-01
5.963320846645608908e-01
5.959789494073097771e-01
5.956228177529431234e-01
5.953103343626727773e-01
5.950379396037246416e-01
5.946972888945503133e-01
5.944074035237719711e-01
5.941423595934327562e-01
5.938985508641487776e-01
5.936443721939356211e-01
5.934394761316335032e-01
5.932324330842997373e-01
5.930153087629310704e-01
5.928389335603043708e-01
5.926548212137016103e-01
5.924915123716900656e-01
5.923486160611617368e-01
5.921977474870763203e-01
5.920923925542592725e-01
5.920194816853336928e-01
5.918979444494446573e-01
5.918261555426627130e-01
5.917507202934008115e-01
5.917087627328327937e-01
5.916627867315337186e-01
5.916208466292081081e-01
5.916049947811078402e-01
5.915765343485525074e-01
5.915977126515399309e-01
