-6.187451509631739431e-12
-1.047456012787195023e+00
-1.969335107828646159e+01
-2.082151110839276953e+01
-3.137757181558524788e+00
1.640000000000000069e-01
1.640000000000000069e-01
1.640000000000000069e-01
1.640000000000000069e-01
1.640000000000000069e-01
1.640000000000000069e-01
1.640000000000000069e-01
1.640000000000000069e-01
1.640000000000000069e-01
1.640000000000000069e-01
1.640000000000000069e-01
1.640000000000000069e-01
1.640000000000000069e-01
1.640000000000000069e-01
1.640000000000000069e-01
1.640000000000000069e-01
1.640000000000000069e-01
1.640000000000000069e-01
1.640000000000000069e-01
1.640000000000000069e-01
1.640000000000000069e-01
1.640000000000000069e-01
1.640000000000000069e-01
1.641093089078246026e-01
1.646236894186149102e-01
1.651499323276895137e-01
1.656882580778039904e-01
1.662388953140153114e-01
1.668020812412349119e-01
1.673780620029129973e-01
1.679670930823544961e-01
1.685694397282944956e-01
1.690231308741390881e-01
1.694448103940164874e-01
1.698772298490530963e-01
1.703205544725585052e-01
1.707749555675686925e-01
1.712406107380440023e-01
1.717177041327762888e-01
1.722064267028119988e-01
1.727069764732656887e-01
1.732195588304625000e-01
1.737443868254243129e-01
1.742816814947995008e-01
1.748316722004185919e-01
1.753945969887618084e-01
1.759707029717292037e-01
1.765602467302208045e-01
1.771634947421645012e-01
1.777807238367695997e-01
1.784122216769415958e-01
1.790582872719642948e-01
1.795240325536283099e-01
1.798965117088983934e-01
1.802795899494316068e-01
1.806734068603652876e-01
1.810781072999607111e-01
1.814938415796266136e-01
1.819207656535669904e-01
1.823590413186192138e-01
1.828088364248882103e-01
1.832703250978323928e-01
1.837436879725015126e-01
1.842291124406817970e-01
1.847267929117621943e-01
1.852369310881988862e-01
1.857597362565205912e-01
1.862954255948975069e-01
1.868442244983734013e-01
1.874063669229530937e-01
1.879820957498326006e-01
1.885716631711693014e-01
1.891753310989011949e-01
1.897933715982612901e-01
1.904260673477644883e-01
1.910737121276087913e-01
1.917366113385972071e-01
1.924150825538785969e-01
1.931094561060142101e-01
1.938200757121051887e-01
1.945472991399734008e-01
1.952914989186698980e-01
1.960482891799285865e-01
1.968226447167402138e-01
1.976150779605440888e-01
1.984260233539587026e-01
1.992559341662197003e-01
2.001052835373192118e-01
2.009745655985903101e-01
2.018642966766086011e-01
2.027750165880247979e-01
2.037072900337754122e-01
2.046617081020641882e-01
2.056388898905754936e-01
2.066394842595850878e-01
2.076641717290126921e-01
2.087136665340166009e-01
2.095089558215836867e-01
2.102037035427629930e-01
2.109153693682691011e-01
2.116443076778325993e-01
2.123908874906081101e-01
2.131479001793251948e-01
2.139117692778486068e-01
2.146940786326878015e-01
2.154952448627943107e-01
2.163157024276126106e-01
2.171559045807932020e-01
2.180163243919152893e-01
2.188974558421483974e-01
2.197998150003994955e-01
2.207239412871964956e-01
2.216703988343365073e-01
2.226397779492156892e-01
2.236326966937572935e-01
2.246406447687991914e-01
2.256658444887250925e-01
2.267161548620864886e-01
2.277922985384188970e-01
2.288950343048916092e-01
2.300047611261946956e-01
2.311418721420412103e-01
2.323074386246488099e-01
2.335023529553041932e-01
2.347275553041111018e-01
2.359840370842652135e-01
2.372728447341486968e-01
2.385950838659144924e-01
2.399519238247249109e-01
2.413446027092416013e-01
2.427744329114965016e-01
2.442428072431213903e-01
2.457512057253694870e-01
2.473012031327259941e-01
2.488343968357935865e-01
2.502830378634867126e-01
2.517708610293651894e-01
2.532993626427473277e-01
2.548701347140827078e-01
2.564814703489243786e-01
2.581147818192260912e-01
2.597946226450459917e-01
2.615229753501017163e-01
2.633019631958983253e-01
2.651338641595774037e-01
2.670211267443056147e-01
2.689663879241263045e-01
2.709724935857930062e-01
2.730425219051437757e-01
2.751798101891541060e-01
2.773879858322481073e-01
2.796318873827269846e-01
2.818374407597696862e-01
2.841050394496184017e-01
2.864503946416487867e-01
2.888780673328293913e-01
2.913930662593910981e-01
2.940009109685222111e-01
2.967077067711662020e-01
2.995202344293130259e-01
3.024460582780307272e-01
3.054936576332907272e-01
3.086725879212380841e-01
3.113290943333666960e-01
3.126896461109396896e-01
3.140874724882040114e-01
3.155237436962576858e-01
3.169996964976874998e-01
3.185166392455661133e-01
3.200759574521849227e-01
3.216791199314312233e-01
3.233276855884072987e-01
3.250233109413186994e-01
3.267677584741929819e-01
3.285629059350597125e-01
3.304107567134041967e-01
3.323134514536805750e-01
3.342732810893243034e-01
3.362927015151389032e-01
3.383743501565700806e-01
3.405210647440026772e-01
3.427359046611915261e-01
3.450221753122520996e-01
3.473834560452748743e-01
3.498236322877790183e-01
3.523469326968526882e-01
3.549579723142001764e-01
3.576618029560594825e-01
3.604639723772617987e-01
3.633705941514104865e-01
3.663884307385533723e-01
3.695249929149904133e-01
3.727886596846761158e-01
3.761888240766668723e-01
3.797360720040180992e-01
3.834424038359756093e-01
3.872915137654380224e-01
3.912591100351637818e-01
3.954230966672880876e-01
3.998029644469919819e-01
4.044215952934249736e-01
4.093061467138400800e-01
4.144892569747836153e-01
4.200107257595266930e-01
4.259199219625903754e-01
4.322793447040630954e-01
4.391700945318419147e-01
4.452323628414791012e-01
4.500349868184738145e-01
4.551092467505353789e-01
4.604874667188297854e-01
4.662088627654989992e-01
4.723217894585934884e-01
4.788870265709045948e-01
4.859827632491395821e-01
4.936884159714847176e-01
5.019752783643262051e-01
5.111777933134876717e-01
5.209420015938990289e-01
5.254709640657916347e-01
5.294094489665296388e-01
5.317121945954581541e-01
5.340955428438792785e-01
5.365627681045107567e-01
5.391173987916761945e-01
5.417632442973152607e-01
5.445044257863378423e-01
5.473454115202386339e-01
5.502910575491143375e-01
5.532670959397518740e-01
5.563248437669023883e-01
5.594985369072227321e-01
5.627945071059294868e-01
5.662197141561300384e-01
5.697818346800016531e-01
5.734893678054490129e-01
5.773517618439724108e-01
5.813795673104381612e-01
5.855136876875226548e-01
5.243236134269838589e-01
5.031798191637750772e-01
4.883803855190234078e-01
4.765456655784101048e-01
4.665283412358842141e-01
4.577721620317704021e-01
4.499571709116355067e-01
4.428792517227982950e-01
4.363987298141074889e-01
4.304150408403480954e-01
4.248529261324888728e-01
4.196543261510733980e-01
4.147733362870166807e-01
4.101729194426269043e-01
4.058226807460360019e-01
4.016973127870395177e-01
3.977754797777400819e-01
3.940389980411717064e-01
3.904722219532820726e-01
3.870615756745842129e-01
3.837951904661877078e-01
3.806626198682138140e-01
3.776546132320300897e-01
3.747629336248392007e-01
3.719802099203342038e-01
3.692998155429377261e-01
3.667157682197140223e-01
3.642226464554831900e-01
3.618155194427664090e-01
3.594898878562199918e-01
3.572416335344776872e-01
3.550669764715055909e-01
3.529624378604100943e-01
3.509248081804594022e-01
3.489511195111730801e-01
3.470386214090194765e-01
3.451847598022989017e-01
3.433871584554982759e-01
3.416436026311899243e-01
3.399520246395633105e-01
3.383104910160649736e-01
3.367171911087759040e-01
3.351704268909632134e-01
3.336686038421577960e-01
3.322102227642462213e-01
3.307938724183659973e-01
3.294182228845297100e-01
3.280820195594738031e-01
3.267840777196743818e-01
3.255232775861647831e-01
3.242985598360333954e-01
3.231089215125065861e-01
3.219534122915352903e-01
3.208311310679697881e-01
3.197412228288545877e-01
3.186828757852093741e-01
3.176553187370015907e-01
3.166578186488860913e-01
3.156896784168219949e-01
3.147502348078595746e-01
3.138388565573159150e-01
3.129549426092469999e-01
3.120979204875973800e-01
3.112672447867255165e-01
3.104623957711439841e-01
3.096828780753442811e-01
3.089282194954729999e-01
3.081979698654341848e-01
3.074917000107045828e-01
3.068090007737911962e-01
3.061494821058218796e-01
3.055127722192808037e-01
3.048985167973458088e-01
3.043063782557056118e-01
3.037360350530950992e-01
3.031871810471289952e-01
3.026595248923036885e-01
3.021527894773183842e-01
3.016667113991060023e-01
3.012010404711908951e-01
3.007555392641881875e-01
3.003299826764525005e-01
2.999241575330393039e-01
2.995378622113081812e-01
2.991709062916281803e-01
2.988231102317794874e-01
2.984943050637577922e-01
2.981843321118061163e-01
2.978930427305856998e-01
2.976202980625002881e-01
2.973659688132709866e-01
2.971299350449336241e-01
2.969120859855102768e-01
2.967123198546733898e-01
2.965305437047823789e-01
2.963666732767374912e-01
2.962206328701506020e-01
2.960923552273841963e-01
2.959817814310656270e-01
2.958888608147269839e-01
2.958135508862722030e-01
2.957558172640125105e-01
2.957156336250605921e-01
2.956929816659092936e-01
2.956878510750662881e-01
2.957002395176542842e-01
2.957301526319255913e-01
2.957776040376794979e-01
2.958426153566109940e-01
2.959252162446571188e-01
2.960254444364477933e-01
2.961433458020085174e-01
2.962789744159032845e-01
2.964323926390475261e-01
2.966036712134674791e-01
2.967928893703228876e-01
2.970001349515623001e-01
2.969098222293423128e-01
2.965666589391361962e-01
2.962422683504847276e-01
2.959364949119179800e-01
2.956491929134837937e-01
2.953802262507426724e-01
2.951294682065069841e-01
2.948968012495264968e-01
2.946821168493979903e-01
2.944853153070405849e-01
2.943063056001408162e-01
2.941450052430312212e-01
2.940013401605175991e-01
2.938752445752266795e-01
2.937666609080910041e-01
2.936755396916380101e-01
2.936018394957919941e-01
2.935455268659437067e-01
2.935065762730832972e-01
2.934849700758310198e-01
2.934806984942422980e-01
2.934937595953011069e-01
2.935241592900537100e-01
2.935719113423742033e-01
2.936370373893897878e-01
2.917389686032393903e-01
2.895160327575675985e-01
2.873644962191452823e-01
2.852807504370619140e-01
2.832614739157768846e-01
2.813036017477730799e-01
2.793997935733839033e-01
2.775120817384889027e-01
2.756798496689509825e-01
2.739006822407504815e-01
2.721723313505933772e-01
2.704927005520740835e-01
2.688598314603884987e-01
2.672718916833021763e-01
2.657271640743500973e-01
2.642240371357023054e-01
2.627609964241263141e-01
2.613366168350511054e-01
2.599495556577403055e-01
2.585985463096414083e-01
2.572823926706627184e-01
2.559999639488222956e-01
2.547440359446552782e-01
2.534938780793515867e-01
2.522753479809123900e-01
2.510874818696561817e-01
2.499293651903486124e-01
2.486945754727183933e-01
2.473907203305110991e-01
2.461091668468856908e-01
2.448600937280424883e-01
2.436262251316455019e-01
2.424140106688505991e-01
2.412320855583006962e-01
2.400686627499012127e-01
2.389190349148009873e-01
2.377977953557449953e-01
2.367041168028622133e-01
2.356372125089092051e-01
2.345963336947909927e-01
2.335807671994862000e-01
2.325898333148541108e-01
2.315938773008180129e-01
2.306203464708589113e-01
2.296703097748030997e-01
2.287431680141198964e-01
2.278383487929563911e-01
2.269553050150293905e-01
2.260935134886228881e-01
2.252524736304389041e-01
2.244317062599706925e-01
2.236307524768818000e-01
2.228491726146107910e-01
2.220409775538408903e-01
2.212498450693304863e-01
2.204777893827855051e-01
2.197243975285863016e-01
2.189892734596615986e-01
2.181309826503466942e-01
2.170967107751914926e-01
2.160871700843502996e-01
2.151016697385851051e-01
2.141395512161010095e-01
2.132001863740025094e-01
2.122829756573982873e-01
2.113873464427319937e-01
2.105127515033365093e-01
2.096586675864564875e-01
2.088245940920827881e-01
2.080100518449219948e-01
2.072145819516764964e-01
2.064292641774981008e-01
2.056587110186129108e-01
2.049062100096933903e-01
2.041632637695157126e-01
2.034355392140811958e-01
2.027249165178638124e-01
2.020310345588987866e-01
2.013535465520431000e-01
2.006838883254790928e-01
2.000281109324668072e-01
1.993879447803779126e-01
1.987630864445819046e-01
1.981532441741999939e-01
1.975436039547882050e-01
1.969351107861224970e-01
1.963412761120592875e-01
1.957618309252228128e-01
1.951965163837585115e-01
1.946450833824691085e-01
1.941066501032928937e-01
1.935664925452698082e-01
1.930368439918334067e-01
1.925204345866927125e-01
1.920170471836080972e-01
1.915264726789066008e-01
1.910485097008887967e-01
1.905829643161117970e-01
1.901296497515047035e-01
1.896883861313616026e-01
1.892590002283147943e-01
1.888413252274664111e-01
1.884352005029072963e-01
1.880320248718345133e-01
1.876371552861628988e-01
1.872535122833564880e-01
1.868809525741486899e-01
1.865193382677695078e-01
1.861610098926632095e-01
1.858112522124382993e-01
1.854673875180548881e-01
1.851062681253907993e-01
1.847558789056142070e-01
1.844160927173676134e-01
1.840867872906954972e-01
1.837678450816596920e-01
1.834591531343711113e-01
1.831606029500648103e-01
1.828720903628681116e-01
1.825935154219379963e-01
1.823168951237287005e-01
1.820499012764972002e-01
1.817926283137467069e-01
1.815449889996982036e-01
1.813068998779130969e-01
1.810782811820252081e-01
1.808590567512428915e-01
1.806491539504176125e-01
1.804485035944941029e-01
1.802570398771657090e-01
1.800747003035728100e-01
1.798954490433053999e-01
1.797220700591838083e-01
1.795576897077036937e-01
1.794022550471681132e-01
1.792557162115337999e-01
1.791180263612408008e-01
1.789891416373076971e-01
1.788690211185997025e-01
1.787576267821738008e-01
1.786549234666217900e-01
1.785402798508645972e-01
1.784287865493930092e-01
1.783259646264120923e-01
1.782317817388515135e-01
1.781448268926829892e-01
1.780584313966369903e-01
1.779771985241994925e-01
1.778998932532004917e-01
1.778311369542834863e-01
1.777709081888320941e-01
1.777191882067367945e-01
1.776678118254365890e-01
1.776207736239950041e-01
1.775822159017834967e-01
1.775521266946042120e-01
1.775304966738132095e-01
1.775173191376313020e-01
1.775125900049080996e-01
1.775075637447439125e-01
1.775071830563803021e-01
1.775152491888496997e-01
1.775317646398371085e-01
1.775567345249041973e-01
1.775901665822461062e-01
1.776264520930539992e-01
1.776467764136611949e-01
1.776755647570107122e-01
1.777128260499520884e-01
1.777585718560039107e-01
1.778128163861416866e-01
1.778755765120783039e-01
1.779328485108485070e-01
1.779983348567832913e-01
1.780723693327236068e-01
1.781481385460778055e-01
1.782245790273153108e-01
1.783096056740655910e-01
1.784032451117169016e-01
1.784965351709291992e-01
1.785889639585331035e-01
1.786900427879221931e-01
1.787998034623518029e-01
1.789182806056028030e-01
1.790455116951706893e-01
1.791795883929258038e-01
1.792859555143551109e-01
1.794010575226291093e-01
1.795249308391181908e-01
1.796576147748079888e-01
1.797991515683400876e-01
1.799495864271004886e-01
1.801089675714435956e-01
1.802686026142739095e-01
1.804280692585842061e-01
1.805965530992243995e-01
1.807741086076186943e-01
1.809595031814349997e-01
1.811371769318372016e-01
1.806672912764623051e-01
1.799525660616511924e-01
1.792538284187152053e-01
1.785707218934660112e-01
1.779029040712243048e-01
1.772500458988383876e-01
1.766118310489170895e-01
1.759879553231528948e-01
1.753781260918921003e-01
1.747820617673433996e-01
1.741994913080381902e-01
1.736301537523569083e-01
1.730737977791086124e-01
1.725301812933213996e-01
1.719990710355419061e-01
1.714802422130826953e-01
1.709734781517736057e-01
1.704785699668893983e-01
1.699953162520221883e-01
1.695235227847659010e-01
1.690630022481597883e-01
1.686135739669208933e-01
1.681750636575602975e-01
1.677473031915502899e-01
1.673301303707638021e-01
1.669233887144659922e-01
1.665269272571884007e-01
1.661406003568599021e-01
1.657642675126161924e-01
1.653977931917454125e-01
1.650410466652670882e-01
1.646939018516727915e-01
1.643562371683910950e-01
1.640279353905662874e-01
1.640000000000000069e-01
1.640000000000000069e-01
1.640000000000000069e-01
1.640000000000000069e-01
1.640000000000000069e-01
1.640000000000000069e-01
1.640000000000000069e-01
1.640000000000000069e-01
1.640000000000000069e-01
1.640000000000000069e-01
1.640000000000000069e-01
1.640000000000000069e-01
1.640000000000000069e-01
1.640000000000000069e-01
1.640000000000000069e-01
1.640000000000000069e-01
1.640000000000000069e-01
1.640000000000000069e-01
1.640000000000000069e-01
1.640000000000000069e-01
1.640000000000000069e-01
1.640000000000000069e-01
1.640000000000000069e-01
1.640000000000000069e-01
1.640000000000000069e-01
1.640000000000000069e-01
1.640000000000000069e-01
1.640000000000000069e-01
1.640000000000000069e-01
1.640000000000000069e-01
1.640000000000000069e-01
1.640000000000000069e-01
1.640000000000000069e-01
1.640000000000000069e-01
1.640000000000000069e-01
1.640000000000000069e-01
1.640000000000000069e-01
1.640000000000000069e-01
1.640000000000000069e-01
1.640000000000000069e-01
1.640000000000000069e-01
1.640000000000000069e-01
1.640000000000000069e-01
1.640000000000000069e-01
1.640000000000000069e-01
1.640000000000000069e-01
1.640000000000000069e-01
1.640000000000000069e-01
1.640000000000000069e-01
1.640000000000000069e-01
1.640000000000000069e-01
1.640000000000000069e-01
1.640000000000000069e-01
1.640000000000000069e-01
1.640000000000000069e-01
1.640000000000000069e-01
1.640000000000000069e-01
1.640000000000000069e-01
1.640000000000000069e-01
1.640000000000000069e-01
1.640000000000000069e-01
1.640000000000000069e-01
1.640000000000000069e-01
1.640000000000000069e-01
1.640000000000000069e-01
1.640000000000000069e-01
1.640000000000000069e-01
1.640000000000000069e-01
1.640000000000000069e-01
1.640000000000000069e-01
1.640000000000000069e-01
1.640000000000000069e-01
1.640000000000000069e-01
1.640000000000000069e-01
1.640000000000000069e-01
1.640000000000000069e-01
1.640000000000000069e-01
1.640000000000000069e-01
1.640000000000000069e-01
1.640000000000000069e-01
1.640000000000000069e-01
1.640000000000000069e-01
1.642841417213752875e-01
1.646197630687313007e-01
1.649648387207622025e-01
1.653194893018317124e-01
1.656838399039610998e-01
1.660580202337413047e-01
1.664421647668788973e-01
1.668364129108045046e-01
1.672409091758124966e-01
1.676558033552205951e-01
1.680812507150900026e-01
1.685174121940715974e-01
1.689644546139962011e-01
1.694225509018655040e-01
1.698918803239564956e-01
1.703726287328015121e-01
1.708649888278654938e-01
1.713691604308114902e-01
1.718853507763055122e-01
1.724137748194007891e-01
1.729546555606099878e-01
1.735082243898810883e-01
1.740747214507770979e-01
1.746543960262817996e-01
1.752475069477635039e-01
1.758543230287686887e-01
1.764751235254548023e-01
1.771101986256375105e-01
1.777598499685991984e-01
1.784243911979989938e-01
1.791041485504437925e-01
1.797994614825104975e-01
1.805106833392789989e-01
1.812381820677196054e-01
1.819823409786142099e-01
1.827435595610356067e-01
1.835222543538307938e-01
1.843188598789848864e-01
1.851338296422609941e-01
1.859676372070613870e-01
1.868207773480984879e-01
1.876937672921679123e-01
1.885871480541166934e-01
1.895014858770122934e-01
1.904373737865228122e-01
1.913954332706994943e-01
1.923763160976444953e-01
1.933807062850650127e-01
1.944093222374020102e-01
1.954629190681951012e-01
1.965422911275598039e-01
1.976482747572461118e-01
1.987817512986898016e-01
1.999436503829042089e-01
2.011349535350133999e-01
2.023566981308353996e-01
2.036099817482938945e-01
2.048959669627022084e-01
2.062158866423355053e-01
2.075710498093537026e-01
2.089628481413887129e-01
2.103927632012290994e-01
2.118623744965016098e-01
2.133733684885011916e-01
2.149275486900900922e-01
2.165268470175776006e-01
2.181733365918467893e-01
2.198692462209158871e-01
2.216169768413955021e-01
2.234191202520260100e-01
2.252784805415443958e-01
2.271980986992707119e-01
2.291812810048917126e-01
2.312316319306599033e-01
2.333530924633482884e-01
2.355499849770466003e-01
2.378270660776816980e-01
2.401895892192283943e-01
2.426433793922311011e-01
2.451949228538868875e-01
2.478514757721516915e-01
2.506211968922680833e-01
2.535133110486268992e-01
2.565383127596563839e-01
2.597082226013489037e-01
2.630369140980510223e-01
2.665405363749595025e-01
2.702380692437940102e-01
2.741520652386651991e-01
2.783096618026925095e-01
2.827439944718992959e-01
2.874962241079999092e-01
2.926185394885847946e-01
2.981787783502988787e-01
3.042678805416865750e-01
3.110126358974090732e-01
3.185992077287335134e-01
3.273212250012793034e-01
3.376937265496245955e-01
3.478751944615608993e-01
3.511472116085230799e-01
3.477771754119645120e-01
3.413505282265640872e-01
3.354919990920297024e-01
3.301013202819004788e-01
3.251044156954656095e-01
3.204447272495288823e-01
3.160779179313252807e-01
3.119684716261695856e-01
3.080874202535728856e-01
3.044107725104759909e-01
3.009183963895077918e-01
2.975932048999803126e-01
2.944205501290564908e-01
2.913877639799449248e-01
2.884838043978601996e-01
2.856989789035557781e-01
2.830247257410341000e-01
2.804534386135613122e-01
2.779783248471409118e-01
2.755932895063907817e-01
2.732928398863475050e-01
2.710720061666858083e-01
2.689262750073371233e-01
2.668515335966438751e-01
2.648440222097369068e-01
2.629002937474755885e-01
2.610171790408987169e-01
2.591917569484410988e-01
2.574213284613121044e-01
2.557033941798667054e-01
2.540356346400923782e-01
2.524158930618827790e-01
2.508421601647730093e-01
2.493125607565130908e-01
2.478253418481874970e-01
2.463788620890396963e-01
2.449715823464757025e-01
2.436020572833393905e-01
2.422689278066318119e-01
2.409709142801503001e-01
2.397068104088901919e-01
2.384754777158751005e-01
2.372758405429445938e-01
2.361068815161634082e-01
2.349676374243191979e-01
2.338571954655734031e-01
2.327746898230131922e-01
2.317192985346901990e-01
2.306902406279137951e-01
2.296867734911708925e-01
2.287081904601462046e-01
2.277538185970404971e-01
2.268230166447106066e-01
2.259151731392272100e-01
2.250297046662219913e-01
2.241660542479750884e-01
2.233236898495671030e-01
2.225021029936394001e-01
2.217008074743687107e-01
2.209193381622180097e-01
2.201572498918555054e-01
2.194141164263803123e-01
2.186895294916594013e-01
2.179830978751562953e-01
2.172944465841747941e-01
2.166232160588938138e-01
2.159690614360051109e-01
2.153316518591253115e-01
2.147106698325149110e-01
2.141058106149155982e-01
2.135167816506154947e-01
2.129433020350812999e-01
2.123851020127328071e-01
2.118419225046271892e-01
2.113135146640149897e-01
2.107996394578832977e-01
2.103000672727632914e-01
2.098145775432133098e-01
2.093429584015077949e-01
2.088850063471898999e-01
2.084405259352322959e-01
2.080093294816630911e-01
2.075912367855866081e-01
2.071860748666199958e-01
2.067936777168289109e-01
2.064138860663229935e-01
2.060465471617262123e-01
2.056915145567964898e-01
2.053486479145228139e-01
2.050178128200720873e-01
2.046988806040088982e-01
2.043917281752453130e-01
2.040962378632213969e-01
2.038122972688498902e-01
2.035397991237921922e-01
2.032786411576620045e-01
2.030287259727829863e-01
2.027899609261517022e-01
2.025622580182827037e-01
2.023455337886334027e-01
2.021397092173314036e-01
2.019447096329446967e-01
2.017604646260515999e-01
2.014796581292037092e-01
2.006590964789936038e-01
1.998576466217570069e-01
1.990748520669420873e-01
1.983102755382097904e-01
1.975634979701340888e-01
1.968341175722765901e-01
1.961217489552576909e-01
1.954260223139495933e-01
1.947465826633598962e-01
1.940830891231792865e-01
1.934352142473252933e-01
1.928026433951373908e-01
1.921850741411691987e-01
1.915822157207879017e-01
1.909937885090254028e-01
1.904195235303398903e-01
1.898591619971430056e-01
1.893124548751178027e-01
1.887791624735181972e-01
1.882590540587806005e-01
1.877519074899108020e-01
1.872575088742327865e-01
1.867756522421880894e-01
1.863061392399832095e-01
1.858487788389636131e-01
1.854033870606874024e-01
1.849697867167365006e-01
1.845478071623838923e-01
1.841372840632919949e-01
1.837380591744793012e-01
1.833499801308481891e-01
1.829729002486142897e-01
1.826066783370237923e-01
1.822511785197920009e-01
1.819062700657272935e-01
1.815718272280510137e-01
1.812477290919493056e-01
1.809338594299279013e-01
1.806301065645690984e-01
1.803363632383163939e-01
1.800525264899369982e-01
1.797784975373369898e-01
1.795141816664231893e-01
1.792594881257270900e-01
1.790143300265250037e-01
1.787786242482053978e-01
1.785522913486519980e-01
1.783352554794226941e-01
1.781274443055249901e-01
1.779287889295957104e-01
1.777392238203082120e-01
1.775586867448439021e-01
1.773871187052712128e-01
1.772244638786905080e-01
1.770706695610096970e-01
1.769256861142285975e-01
1.767894669171120869e-01
1.766619683191507917e-01
1.765431495977043130e-01
1.762081574919452942e-01
1.754374855964792868e-01
1.746838689704311998e-01
1.739468967496907992e-01
1.732261748119491018e-01
1.725213249203849109e-01
1.718319839232179957e-01
1.711578030047933019e-01
1.704984469842426020e-01
1.698535936581327122e-01
1.692229331838205897e-01
1.686061675005214033e-01
1.680030097853540960e-01
1.674131839418603884e-01
1.668364241187000885e-01
1.662724742564206104e-01
1.657210876603643912e-01
1.651820265979395130e-01
1.646550619186142039e-01
1.641399726951315863e-01
1.640000000000000069e-01
1.640000000000000069e-01
1.640000000000000069e-01
1.640000000000000069e-01
1.640000000000000069e-01
1.640000000000000069e-01
1.640000000000000069e-01
1.640000000000000069e-01
1.640000000000000069e-01
1.640000000000000069e-01
1.640000000000000069e-01
1.640000000000000069e-01
1.640000000000000069e-01
1.640000000000000069e-01
1.640000000000000069e-01
1.640000000000000069e-01
1.640000000000000069e-01
1.640000000000000069e-01
1.640000000000000069e-01
1.640000000000000069e-01
1.640000000000000069e-01
1.640000000000000069e-01
1.640000000000000069e-01
1.640000000000000069e-01
1.640000000000000069e-01
1.640000000000000069e-01
1.640000000000000069e-01
1.640000000000000069e-01
1.640000000000000069e-01
1.640000000000000069e-01
1.640000000000000069e-01
1.640000000000000069e-01
1.640000000000000069e-01
1.640000000000000069e-01
1.640000000000000069e-01
1.640000000000000069e-01
1.640000000000000069e-01
1.640000000000000069e-01
1.640000000000000069e-01
1.640000000000000069e-01
1.640000000000000069e-01
1.640000000000000069e-01
1.640000000000000069e-01
1.640000000000000069e-01
1.640000000000000069e-01
1.640000000000000069e-01
1.640000000000000069e-01
1.640000000000000069e-01
1.640000000000000069e-01
1.640000000000000069e-01
1.640000000000000069e-01
1.640000000000000069e-01
1.640000000000000069e-01
1.640000000000000069e-01
1.640000000000000069e-01
1.640000000000000069e-01
1.640000000000000069e-01
1.640000000000000069e-01
1.640000000000000069e-01
1.640000000000000069e-01
1.640000000000000069e-01
1.640000000000000069e-01
1.640000000000000069e-01
1.640000000000000069e-01
1.640000000000000069e-01
1.640000000000000069e-01
1.640000000000000069e-01
1.640000000000000069e-01
1.640000000000000069e-01
1.640000000000000069e-01
1.640000000000000069e-01
1.640000000000000069e-01
1.640000000000000069e-01
1.640000000000000069e-01
1.640000000000000069e-01
1.640000000000000069e-01
1.640000000000000069e-01
1.640000000000000069e-01
1.640000000000000069e-01
1.640000000000000069e-01
1.640000000000000069e-01
1.640000000000000069e-01
1.640000000000000069e-01
1.640000000000000069e-01
1.640000000000000069e-01
1.640000000000000069e-01
1.640000000000000069e-01
1.640000000000000069e-01
1.640000000000000069e-01
1.640000000000000069e-01
1.640000000000000069e-01
1.640000000000000069e-01
1.640000000000000069e-01
1.640000000000000069e-01
1.640000000000000069e-01
1.640000000000000069e-01
1.640000000000000069e-01
1.640000000000000069e-01
1.640000000000000069e-01
1.640000000000000069e-01
