-8.080461813263724307e-12
-1.085456932911179617e+00
-2.022706829656467065e+01
-2.169917655509036436e+01
-3.140757878408908965e+00
1.640000000000000069e-01
1.640000000000000069e-01
1.640000000000000069e-01
1.640000000000000069e-01
1.640000000000000069e-01
1.640000000000000069e-01
1.640000000000000069e-01
1.640000000000000069e-01
1.640000000000000069e-01
1.640000000000000069e-01
1.640000000000000069e-01
1.640000000000000069e-01
1.640000000000000069e-01
1.640000000000000069e-01
1.640000000000000069e-01
1.640000000000000069e-01
1.640000000000000069e-01
1.640000000000000069e-01
1.640000000000000069e-01
1.640000000000000069e-01
1.640000000000000069e-01
1.640000000000000069e-01
1.640000000000000069e-01
1.640000000000000069e-01
1.640000000000000069e-01
1.640000000000000069e-01
1.640000000000000069e-01
1.640000000000000069e-01
1.640000000000000069e-01
1.640000000000000069e-01
1.640000000000000069e-01
1.640000000000000069e-01
1.640000000000000069e-01
1.640000000000000069e-01
1.640000000000000069e-01
1.640000000000000069e-01
1.640000000000000069e-01
1.640000000000000069e-01
1.640000000000000069e-01
1.640000000000000069e-01
1.646028687380955979e-01
1.652148275533938948e-01
1.653844623182977869e-01
1.655622269824101045e-01
1.657481765182995948e-01
1.659423686949083043e-01
1.661448641326989939e-01
1.663557263619847015e-01
1.665274439285931996e-01
1.666934396772234983e-01
1.668676204618068926e-01
1.670500402181875899e-01
1.672407556876621126e-01
1.674398264711735029e-01
1.676473150866789885e-01
1.678632870298140956e-01
1.680878108379832980e-01
1.683209581580135950e-01
1.685628038175245869e-01
1.688134259001665971e-01
1.690729058249021977e-01
1.693413284295068877e-01
1.696187820584839079e-01
1.699028986503766936e-01
1.701589348589301054e-01
1.704239456616523929e-01
1.706980182472513929e-01
1.709812433946402976e-01
1.712737155688900947e-01
1.715755330222051012e-01
1.718867979001648116e-01
1.722076163534944082e-01
1.725380986556437901e-01
1.728783593264751894e-01
1.732285172623777014e-01
1.735886958731520935e-01
1.739549392877487999e-01
1.743114878686133906e-01
1.746781824879715950e-01
1.750551544150169003e-01
1.754425398464505015e-01
1.758404800716200089e-01
1.762491216463838994e-01
1.766686165762036964e-01
1.770991225090071952e-01
1.775408029384021036e-01
1.779901492992103096e-01
1.784137418631616123e-01
1.788484835894268987e-01
1.792945404239099927e-01
1.797520844831073106e-01
1.802212942849132915e-01
1.807023549921134009e-01
1.811954586693592106e-01
1.817008045544895034e-01
1.822051938744498889e-01
1.826928374162049007e-01
1.831927122792199047e-01
1.837050218878235885e-01
1.842299773130650908e-01
1.847677975850657017e-01
1.853187100233686935e-01
1.858829505865046972e-01
1.864607642420958999e-01
1.870524053589268099e-01
1.876581381225345957e-01
1.882782369760027941e-01
1.889129870877865880e-01
1.895469606896472980e-01
1.901907247993850081e-01
1.908496554693177027e-01
1.915240680418067998e-01
1.922142905222989917e-01
1.929206641990861004e-01
1.936435443037317905e-01
1.943833007154036063e-01
1.951403187126619088e-01
1.959110531970447988e-01
1.966860535380265118e-01
1.974542181770113924e-01
1.981966847485159000e-01
1.989565964200130932e-01
1.997337826697969110e-01
2.005039928502385937e-01
2.012923268222295003e-01
2.020992138639186864e-01
2.029251018031436871e-01
2.037704580376744901e-01
2.046357706297048940e-01
2.055215494812187016e-01
2.064283275975691001e-01
2.073566624474073028e-01
2.083071374280041910e-01
2.092803634460249917e-01
2.102769806249694118e-01
2.112976601518080921e-01
2.123431062768240951e-01
2.134140584823795983e-01
2.145112938382522927e-01
2.156143063385992931e-01
2.167308986931729131e-01
2.178752114919094984e-01
2.190481342118263952e-01
2.202506043799150048e-01
2.214836110920442025e-01
2.227481988696699000e-01
2.240454718946716939e-01
2.253765986684478084e-01
2.267428171481900012e-01
2.281454404212480969e-01
2.295858629878713975e-01
2.310613048762064914e-01
2.325470574829782977e-01
2.340738785000034128e-01
2.356434606463309045e-01
2.372576118185089900e-01
2.389182660188821083e-01
2.406274956494313111e-01
2.423875253851860978e-01
2.441538389565192924e-01
2.459733842398217907e-01
2.478489005063335138e-01
2.497831795847864078e-01
2.517792432903191990e-01
2.538403702625219860e-01
2.559701269563375847e-01
2.581724035981343146e-01
2.602957873300681957e-01
2.624097358896638754e-01
2.645945465036892985e-01
2.668542640843695191e-01
2.691933174839680754e-01
2.716165716506416805e-01
2.730784162731701992e-01
2.743437931064054980e-01
2.756424294397761821e-01
2.769753743827296222e-01
2.783283969474203978e-01
2.797091626654700791e-01
2.811269474840559779e-01
2.825830112997250732e-01
2.840786884259208223e-01
2.856153935787857923e-01
2.871946284978704189e-01
2.888179892857746234e-01
2.904871745641977032e-01
2.922039945598923216e-01
2.939703812531405114e-01
2.957883997443154223e-01
2.976602610217380929e-01
2.995883363475198014e-01
3.015751735188132998e-01
3.036235153117370911e-01
3.057363204765584097e-01
3.079167877285736155e-01
3.101683832736532032e-01
3.124948725258338000e-01
3.149003568239158724e-01
3.173893161442443156e-01
3.199666590507725950e-01
3.226377814389932985e-01
3.254086360420976876e-01
3.282858152105606053e-01
3.312766501996123880e-01
3.343661145561088732e-01
3.375661836240133051e-01
3.409039579978189738e-01
3.443906979048472206e-01
3.480392445437083815e-01
3.518643469672873003e-01
3.558821051695089110e-01
3.599731735518854059e-01
3.642845948425876834e-01
3.688411067835793977e-01
3.736723456251772046e-01
3.788143163255747736e-01
3.843114837971404185e-01
3.902198395391117125e-01
3.966115650358590927e-01
4.035824435719914116e-01
4.112643051553042106e-01
4.198474438629113958e-01
4.291897330052120152e-01
4.337346943587845893e-01
4.350045726690350834e-01
4.363175450636072039e-01
4.376746866541967873e-01
4.390771339106804838e-01
4.405260888387959040e-01
4.420228235534435779e-01
4.435686852933282132e-01
4.451651019290823741e-01
4.468135880245129865e-01
4.485157515193698985e-01
4.502733011123172258e-01
4.520880544348924723e-01
4.539619471215314839e-01
4.558970428977121014e-01
4.578955448284636187e-01
4.599598078936451007e-01
4.620923530854367800e-01
4.642958832584895834e-01
4.665733010056650754e-01
4.689277288840674740e-01
4.713625323795094246e-01
4.738813460757554941e-01
4.764881035918467900e-01
4.791870719718259730e-01
4.796048932870665138e-01
4.778909504328707758e-01
4.762372257643170959e-01
4.746418554600080886e-01
4.731030934685473976e-01
4.716193025124112981e-01
4.701889459933654147e-01
4.688105806930628061e-01
4.674828501770803002e-01
4.662044788230069181e-01
4.649742664036666806e-01
4.637910831654805111e-01
4.626538653495941844e-01
4.615616111099197783e-01
4.605133767878584750e-01
4.595082735083150793e-01
4.585454640657934955e-01
4.576241600730140968e-01
4.567436193476349104e-01
4.559031435154323741e-01
4.551020758107054975e-01
4.543397990567806244e-01
4.536157338113618875e-01
4.529293366631090834e-01
4.522800986672758095e-01
4.516675439095323985e-01
4.510912281882344943e-01
4.505507378064190771e-01
4.500456884657264012e-01
4.495757242552503863e-01
4.491405167290639100e-01
4.487397640668259191e-01
4.483731903124678064e-01
4.480405446865128871e-01
4.477416009680695863e-01
4.474761569429986929e-01
4.472440339151677047e-01
4.470450762781040810e-01
4.468791511447015030e-01
4.467461480329883994e-01
4.466459786062729198e-01
4.465785764662861812e-01
4.465438969982298834e-01
4.465419172669187198e-01
4.266870155687793043e-01
4.090658891735752811e-01
3.963722119316047121e-01
3.861229012431375840e-01
3.774065741726851941e-01
3.697668826626059890e-01
3.629365101138570249e-01
3.567429054246765152e-01
3.510670209933969277e-01
3.458226258747444937e-01
3.409448913212841936e-01
3.363836243247216862e-01
3.320990259580737791e-01
3.280589104273807788e-01
3.242368133469366032e-01
3.206106645856319215e-01
3.171618324597618166e-01
3.138744196580000034e-01
3.107347343170167031e-01
3.077308857662477970e-01
3.048524708046929099e-01
3.020903268989881818e-01
2.994363356417319988e-01
2.968832645001442949e-01
2.944246381150883995e-01
2.920546326746769061e-01
2.897679884998679012e-01
2.875599371459837128e-01
2.854261401791531871e-01
2.833626374213026877e-01
2.813658029337888777e-01
2.794323073713069205e-01
2.775590856147756025e-01
2.757433088061801985e-01
2.739823600755075805e-01
2.722738133813472072e-01
2.706154149908635009e-01
2.690050672079246086e-01
2.674408140249128762e-01
2.659208284276596834e-01
2.644434011268109730e-01
2.630069305247622058e-01
2.616099137567716726e-01
2.602509386691951865e-01
2.589286766179849097e-01
2.576418759874291031e-01
2.563893563432212974e-01
2.551700031457919127e-01
2.539827629598521153e-01
2.528266391045743133e-01
2.517006876960445894e-01
2.506040140397784999e-01
2.495357693363511042e-01
2.484951476677249027e-01
2.474813832357478927e-01
2.464937478276613136e-01
2.455315484863785924e-01
2.445941253658207026e-01
2.436808497538089924e-01
2.427911222469359975e-01
2.419243710635237132e-01
2.410800504822586954e-01
2.402576393953916034e-01
2.394566399665372103e-01
2.386765763841202925e-01
2.379169937024125936e-01
2.371774567628933128e-01
2.364575491893796955e-01
2.357568724509918057e-01
2.350750449875838866e-01
2.344117013927710103e-01
2.337664916501223933e-01
2.331390804185050902e-01
2.325291463629055866e-01
2.319363815273962903e-01
2.313604907471915884e-01
2.308011910970090008e-01
2.302582113731845015e-01
2.297312916072062894e-01
2.292201826085245031e-01
2.287246455346715890e-01
2.282444514868874896e-01
2.277793811295870940e-01
2.273292243321451134e-01
2.268937798315852072e-01
2.264728549148810888e-01
2.260662651196679862e-01
2.256738339522610104e-01
2.252953926219606884e-01
2.249307797906990869e-01
2.245798413371571933e-01
2.242424301345445070e-01
2.239184058412946043e-01
2.236076347039843981e-01
2.233099893718392959e-01
2.230253487222270126e-01
2.227535976965966946e-01
2.224946271463489889e-01
2.222483336881719007e-01
2.220146195684027934e-01
2.217933925360157099e-01
2.215845657238622868e-01
2.213880575378202042e-01
2.212037915535340904e-01
2.210316964204560031e-01
2.208717057729168987e-01
2.207237581479835065e-01
2.205877969098739011e-01
2.204637701807274919e-01
2.203516307775421901e-01
2.202513361551108884e-01
2.201628483548027926e-01
2.200861339590599042e-01
2.200211640514823930e-01
2.199679141824049111e-01
2.199263643398700896e-01
2.198964989259261926e-01
2.198783067381877010e-01
2.198717809566100023e-01
2.198769191354459085e-01
2.198937232003631004e-01
2.199209451028870110e-01
2.198928983606998899e-01
2.198765234946807035e-01
2.198718143664578073e-01
2.198787692111691949e-01
2.198973906353816898e-01
2.199276856201645980e-01
2.199696655293222891e-01
2.200233461228111864e-01
2.200887475753715017e-01
2.201658945004245083e-01
2.202548159792958038e-01
2.203555455958401132e-01
2.204681214765580877e-01
2.205925863363095984e-01
2.207289875297437920e-01
2.208773771085802973e-01
2.210378118848967954e-01
2.212103535005889021e-01
2.213950685031914056e-01
2.210442671446589125e-01
2.200961452809598873e-01
2.191709143325974996e-01
2.182679796009283080e-01
2.173867732709811040e-01
2.165267528807953978e-01
2.156873999023128929e-01
2.148682184241373916e-01
2.140687339274612022e-01
2.132884921473204021e-01
2.125270580121084996e-01
2.117840146549659908e-01
2.110589624912642959e-01
2.103515183569537872e-01
2.096613147030209900e-01
2.089734868107779864e-01
2.082998026350952048e-01
2.076426427869189073e-01
2.070016819069258884e-01
2.063766075172308034e-01
2.057671194377146962e-01
2.051729292377492964e-01
2.045937597208120073e-01
2.040293444396971134e-01
2.028675169951550117e-01
2.014317462954819948e-01
2.000344621421077940e-01
1.986741371439375015e-01
1.973493378722795955e-01
1.960587171914779936e-01
1.948010073725829905e-01
1.935750138947580079e-01
1.923796098525165088e-01
1.912137308981587958e-01
1.900763706582964119e-01
1.889665765714262924e-01
1.878834461003824896e-01
1.868261232793496929e-01
1.857937955601501878e-01
1.847856909268217884e-01
1.838010752512228008e-01
1.828392498656137011e-01
1.818995493309416012e-01
1.809813393819817984e-01
1.800840150325851985e-01
1.792069988261331959e-01
1.783497392179010932e-01
1.775117090774518958e-01
1.766924043004214906e-01
1.758913425201528991e-01
1.751080619106051006e-01
1.743421200728156872e-01
1.735930929979609960e-01
1.728605741007240015e-01
1.721441733172880961e-01
1.714435162628044906e-01
1.707582434436628049e-01
1.700880095203176900e-01
1.694324826168124021e-01
1.687913436734798101e-01
1.681642858396130980e-01
1.675510139031753110e-01
1.669512437548675010e-01
1.663647018841032943e-01
1.657911249046409019e-01
1.652302591078081972e-01
1.646818600414272082e-01
1.641456921126943080e-01
1.640000000000000069e-01
1.640000000000000069e-01
1.640000000000000069e-01
1.640000000000000069e-01
1.640000000000000069e-01
1.640000000000000069e-01
1.640000000000000069e-01
1.640000000000000069e-01
1.640000000000000069e-01
1.640000000000000069e-01
1.640000000000000069e-01
1.640000000000000069e-01
1.640000000000000069e-01
1.640000000000000069e-01
1.640000000000000069e-01
1.640000000000000069e-01
1.640000000000000069e-01
1.640000000000000069e-01
1.640000000000000069e-01
1.640000000000000069e-01
1.640000000000000069e-01
1.640000000000000069e-01
1.640000000000000069e-01
1.640000000000000069e-01
1.640000000000000069e-01
1.640000000000000069e-01
1.640000000000000069e-01
1.640000000000000069e-01
1.640000000000000069e-01
1.640000000000000069e-01
1.640000000000000069e-01
1.640000000000000069e-01
1.640000000000000069e-01
1.640000000000000069e-01
1.640000000000000069e-01
1.640000000000000069e-01
1.640000000000000069e-01
1.640000000000000069e-01
1.640000000000000069e-01
1.640000000000000069e-01
1.640000000000000069e-01
1.640000000000000069e-01
1.640000000000000069e-01
1.640000000000000069e-01
1.640000000000000069e-01
1.640000000000000069e-01
1.640000000000000069e-01
1.640000000000000069e-01
1.640000000000000069e-01
1.640000000000000069e-01
1.640000000000000069e-01
1.640000000000000069e-01
1.640000000000000069e-01
1.640000000000000069e-01
1.640000000000000069e-01
1.640000000000000069e-01
1.640000000000000069e-01
1.640000000000000069e-01
1.640000000000000069e-01
1.640000000000000069e-01
1.640000000000000069e-01
1.640000000000000069e-01
1.640000000000000069e-01
1.640000000000000069e-01
1.640000000000000069e-01
1.640000000000000069e-01
1.640000000000000069e-01
1.640000000000000069e-01
1.640000000000000069e-01
1.640000000000000069e-01
1.640000000000000069e-01
1.640000000000000069e-01
1.640000000000000069e-01
1.640000000000000069e-01
1.640000000000000069e-01
1.640000000000000069e-01
1.640000000000000069e-01
1.640000000000000069e-01
1.640000000000000069e-01
1.640000000000000069e-01
1.640000000000000069e-01
1.640000000000000069e-01
1.640000000000000069e-01
1.640000000000000069e-01
1.640000000000000069e-01
1.640000000000000069e-01
1.640000000000000069e-01
1.640000000000000069e-01
1.640000000000000069e-01
1.640000000000000069e-01
1.640000000000000069e-01
1.640000000000000069e-01
1.640000000000000069e-01
1.640000000000000069e-01
1.640000000000000069e-01
1.640000000000000069e-01
1.640000000000000069e-01
1.640000000000000069e-01
1.640000000000000069e-01
1.640000000000000069e-01
1.640000000000000069e-01
1.640000000000000069e-01
1.640000000000000069e-01
1.640000000000000069e-01
1.640000000000000069e-01
1.640000000000000069e-01
1.640000000000000069e-01
1.640000000000000069e-01
1.640000000000000069e-01
1.640000000000000069e-01
1.640000000000000069e-01
1.640000000000000069e-01
1.640000000000000069e-01
1.640000000000000069e-01
1.640000000000000069e-01
1.640000000000000069e-01
1.640000000000000069e-01
1.640000000000000069e-01
1.640000000000000069e-01
1.640000000000000069e-01
1.640000000000000069e-01
1.640000000000000069e-01
1.640000000000000069e-01
1.640000000000000069e-01
1.640000000000000069e-01
1.640000000000000069e-01
1.640000000000000069e-01
1.640000000000000069e-01
1.640000000000000069e-01
1.640000000000000069e-01
1.640000000000000069e-01
1.640000000000000069e-01
1.640000000000000069e-01
1.640000000000000069e-01
1.640000000000000069e-01
1.640000000000000069e-01
1.640000000000000069e-01
1.640000000000000069e-01
1.640000000000000069e-01
1.640000000000000069e-01
1.640000000000000069e-01
1.640000000000000069e-01
1.640000000000000069e-01
1.640000000000000069e-01
1.640000000000000069e-01
1.640000000000000069e-01
1.640000000000000069e-01
1.640000000000000069e-01
1.640000000000000069e-01
1.640000000000000069e-01
1.640000000000000069e-01
1.640000000000000069e-01
1.640000000000000069e-01
1.640000000000000069e-01
1.640000000000000069e-01
1.640000000000000069e-01
1.640000000000000069e-01
1.640000000000000069e-01
1.640000000000000069e-01
1.640000000000000069e-01
1.640000000000000069e-01
1.640000000000000069e-01
1.640000000000000069e-01
1.640000000000000069e-01
1.640000000000000069e-01
1.640000000000000069e-01
1.640000000000000069e-01
1.640000000000000069e-01
1.640000000000000069e-01
1.640000000000000069e-01
1.640000000000000069e-01
1.640000000000000069e-01
1.640000000000000069e-01
1.640000000000000069e-01
1.640000000000000069e-01
1.640000000000000069e-01
1.640000000000000069e-01
1.640000000000000069e-01
1.640000000000000069e-01
1.640000000000000069e-01
1.640000000000000069e-01
1.640000000000000069e-01
1.640000000000000069e-01
1.640000000000000069e-01
1.640000000000000069e-01
1.640000000000000069e-01
1.640000000000000069e-01
1.640000000000000069e-01
1.640000000000000069e-01
1.640000000000000069e-01
1.640000000000000069e-01
1.640000000000000069e-01
1.640000000000000069e-01
1.640000000000000069e-01
1.640000000000000069e-01
1.640000000000000069e-01
1.640000000000000069e-01
1.641230121873993031e-01
1.644135468077241036e-01
1.647130670447707890e-01
1.650216734939629892e-01
1.653394706135528913e-01
1.656665668394946000e-01
1.660030747062176959e-01
1.663491109736155993e-01
1.667047967605748138e-01
1.670702576854055932e-01
1.674456240135503982e-01
1.678310308129759010e-01
1.682266181176866882e-01
1.686325310998235127e-01
1.690489202508471955e-01
1.694759415723458007e-01
1.699137567770369894e-01
1.703625335005861108e-01
1.708224455249048868e-01
1.712936730136425945e-01
1.717764027606407951e-01
1.722708284521791977e-01
1.727771509439064990e-01
1.732955785534177895e-01
1.738263273695211109e-01
1.743696215793155979e-01
1.749256938142985940e-01
1.754947855168156878e-01
1.760771473282843058e-01
1.766730395007337917e-01
1.772827323333449057e-01
1.779065066358128111e-01
1.785446542205214038e-01
1.791974784256898101e-01
1.798652946718544976e-01
1.805484310542563864e-01
1.812472289739497922e-01
1.819620438107135973e-01
1.826932456411327899e-01
1.834412200055557940e-01
1.842063687279859863e-01
1.849891107933807066e-01
1.857898832872784123e-01
1.866091424031824098e-01
1.874473645237010877e-01
1.883050473820750137e-01
1.891827113114452064e-01
1.900809005900198079e-01
1.910001848912085132e-01
1.919411608488250098e-01
1.929044537486268862e-01
1.938907193587857125e-01
1.949006459133940106e-01
1.959349562648325938e-01
1.969944102227982052e-01
1.980798071000386962e-01
1.991919884874482072e-01
2.003318412841519069e-01
2.015003010116714899e-01
2.026983554452546077e-01
2.039270486001054095e-01
2.051874851156637036e-01
2.064808350874194898e-01
2.078083394031760012e-01
2.091713156494224013e-01
2.105711646638112056e-01
2.120093778219954983e-01
2.134875451616708997e-01
2.150073644641218029e-01
2.165706514345271949e-01
2.181793511475663971e-01
2.198355509555139919e-01
2.215414950933644045e-01
2.232996012612744885e-01
2.251124795209797913e-01
2.269829539126926865e-01
2.289140872861183951e-01
2.309092099486270977e-01
2.329719528719791932e-01
2.351062863753236032e-01
2.373165654287165971e-01
2.396075830150062869e-01
2.419846333719997966e-01
2.444535874443392875e-01
2.470209835524521946e-01
2.496941372021891092e-01
2.524812752129826920e-01
2.553917010831369128e-01
2.584360009638572153e-01
2.616263031282501927e-01
2.649766089505428135e-01
2.685032210498313754e-01
2.722253058917971091e-01
2.761656463345987800e-01
2.803516688763308951e-01
2.848168790396334860e-01
2.896029224278883207e-01
2.947626408988155977e-01
3.003647825788118841e-01
3.065016115139401198e-01
3.054362593385255842e-01
3.015587542596546156e-01
2.978789584250973732e-01
2.943781315419572997e-01
2.910402546585583727e-01
2.878515095776741917e-01
2.847998796220332918e-01
2.818748388786577186e-01
2.790671070807047016e-01
2.763684539427780917e-01
2.737715412798168990e-01
2.712697943605593132e-01
2.688572961423674745e-01
2.665034772106816274e-01
2.641977332421238112e-01
2.619699423363863744e-01
2.598157736639263860e-01
2.577312701276290863e-01
2.557128053249400068e-01
2.537570466675184155e-01
2.518562918536612072e-01
2.499923569099020138e-01
2.481837742182204098e-01
2.464280196527338096e-01
2.447227491854276904e-01
2.430657817658105069e-01
2.414550842329108993e-01
2.398887579727209118e-01
2.383650270808330973e-01
2.368822278281353944e-01
2.354387992587274880e-01
2.340332747750689946e-01
2.326642745867981976e-01
2.313304989175241910e-01
2.300307218788439911e-01
2.287637859333931101e-01
2.275285968793362978e-01
2.263241192976830074e-01
2.251493724114342898e-01
2.240034263120780911e-01
2.228853985145126115e-01
2.217944508062577869e-01
2.207297863609287980e-01
2.196906470894982866e-01
2.186763112059496028e-01
2.176860909865979965e-01
2.167193307046788864e-01
2.157754047238354955e-01
2.148537157359121097e-01
2.139536931300186906e-01
2.130747914811995103e-01
2.122164891482465066e-01
2.113697876984272084e-01
2.105386538161702070e-01
2.097269582502065133e-01
2.089342499227442029e-01
2.081600965041159046e-01
2.074040834550008872e-01
2.066658131318382108e-01
2.059449039504832879e-01
2.049805246238128043e-01
2.039613345639832986e-01
2.029643522642511078e-01
2.017578939315159969e-01
2.005813216156994983e-01
1.994336316347450899e-01
1.983138736902229915e-01
1.972211471355171941e-01
1.961545975718231027e-01
1.951134137375740984e-01
1.940968246610738079e-01
1.931040970497377995e-01
1.921345328924468077e-01
1.911874672542371867e-01
1.902622662448874014e-01
1.893583251450225990e-01
1.884750666751497938e-01
1.876119393945933911e-01
1.867684162186991903e-01
1.859439930438648025e-01
1.851381874710464892e-01
1.843505376193156076e-01
1.835806010218941908e-01
1.828279535978243053e-01
1.820921886931012867e-01
1.813729161856733052e-01
1.806697616492470015e-01
1.799823655712987913e-01
1.793103826211117913e-01
1.786534809640392130e-01
1.780113416185243880e-01
1.773836578527188956e-01
1.767701346178056909e-01
1.761704880153882880e-01
1.755844447965232979e-01
1.750117418901792066e-01
1.744521259590816054e-01
1.739053529810795085e-01
1.733711878543020002e-01
1.728494040245318886e-01
1.723397831333249863e-01
1.718421146855323989e-01
1.713561957349825915e-01
1.708818305871684096e-01
1.704188305178795937e-01
1.699670135067911092e-01
1.695262039850987945e-01
1.690962325963508983e-01
1.686769359696947135e-01
1.679840641267000001e-01
1.672880252321587990e-01
1.666071343992857889e-01
1.659410493594646874e-01
1.652894411459583934e-01
1.646519934541240959e-01
1.640284020410625876e-01
1.640000000000000069e-01
1.640000000000000069e-01
1.640000000000000069e-01
1.640000000000000069e-01
1.640000000000000069e-01
1.640000000000000069e-01
1.640000000000000069e-01
1.640000000000000069e-01
1.640000000000000069e-01
1.640000000000000069e-01
1.640000000000000069e-01
1.640000000000000069e-01
1.640000000000000069e-01
1.640000000000000069e-01
1.640000000000000069e-01
1.640000000000000069e-01
1.640000000000000069e-01
1.640000000000000069e-01
1.640000000000000069e-01
1.640000000000000069e-01
1.640000000000000069e-01
1.640000000000000069e-01
1.640000000000000069e-01
1.640000000000000069e-01
1.640000000000000069e-01
1.640000000000000069e-01
1.640000000000000069e-01
1.640000000000000069e-01
1.640000000000000069e-01
1.640000000000000069e-01
1.640000000000000069e-01
1.640000000000000069e-01
1.640000000000000069e-01
1.640000000000000069e-01
1.640000000000000069e-01
1.640000000000000069e-01
1.640000000000000069e-01
1.640000000000000069e-01
1.640000000000000069e-01
1.640000000000000069e-01
1.640000000000000069e-01
1.640000000000000069e-01
1.640000000000000069e-01
1.640000000000000069e-01
1.640000000000000069e-01
1.640000000000000069e-01
1.640000000000000069e-01
1.640000000000000069e-01
1.640000000000000069e-01
1.640000000000000069e-01
1.640000000000000069e-01
1.640000000000000069e-01
1.640000000000000069e-01
1.640000000000000069e-01
1.640000000000000069e-01
1.640000000000000069e-01
1.640000000000000069e-01
1.640000000000000069e-01
1.640000000000000069e-01
1.640000000000000069e-01
1.640000000000000069e-01
1.640000000000000069e-01
1.640000000000000069e-01
1.640000000000000069e-01
1.640000000000000069e-01
1.640000000000000069e-01
1.640000000000000069e-01
1.640000000000000069e-01
1.640000000000000069e-01
1.640000000000000069e-01
1.640000000000000069e-01
1.640000000000000069e-01
1.640000000000000069e-01
1.640000000000000069e-01
1.640000000000000069e-01
1.640000000000000069e-01
1.640000000000000069e-01
1.640000000000000069e-01
1.640000000000000069e-01
1.640000000000000069e-01
1.640000000000000069e-01
1.640000000000000069e-01
1.640000000000000069e-01
1.640000000000000069e-01
1.640000000000000069e-01
1.640000000000000069e-01
1.640000000000000069e-01
1.640000000000000069e-01
1.640000000000000069e-01
1.640000000000000069e-01
1.640000000000000069e-01
1.640000000000000069e-01
1.640000000000000069e-01
1.640000000000000069e-01
1.640000000000000069e-01
1.640000000000000069e-01
1.640000000000000069e-01
1.640000000000000069e-01
1.640000000000000069e-01
1.640000000000000069e-01
1.640000000000000069e-01
1.640000000000000069e-01
1.640000000000000069e-01
1.640000000000000069e-01
1.640000000000000069e-01
1.640000000000000069e-01
1.640000000000000069e-01
1.640000000000000069e-01
1.640000000000000069e-01
1.640000000000000069e-01
1.640000000000000069e-01
1.640000000000000069e-01
1.640000000000000069e-01
1.640000000000000069e-01
1.640000000000000069e-01
1.640000000000000069e-01
1.640000000000000069e-01
1.640000000000000069e-01
1.640000000000000069e-01
1.640000000000000069e-01
1.640000000000000069e-01
1.640000000000000069e-01
1.640000000000000069e-01
1.640000000000000069e-01
1.640000000000000069e-01
1.640000000000000069e-01
1.640000000000000069e-01
1.640000000000000069e-01
1.640000000000000069e-01
1.640000000000000069e-01
1.640000000000000069e-01
1.640000000000000069e-01
1.640000000000000069e-01
1.640000000000000069e-01
1.640000000000000069e-01
1.640000000000000069e-01
1.640000000000000069e-01
1.640000000000000069e-01
1.640000000000000069e-01
1.640000000000000069e-01
1.640000000000000069e-01
1.640000000000000069e-01
1.640000000000000069e-01
1.640000000000000069e-01
1.640000000000000069e-01
1.640000000000000069e-01
1.640000000000000069e-01
1.640000000000000069e-01
1.640000000000000069e-01
1.640000000000000069e-01
1.640000000000000069e-01
1.640000000000000069e-01
1.640000000000000069e-01
1.640000000000000069e-01
1.640000000000000069e-01
1.640000000000000069e-01
1.640000000000000069e-01
1.640000000000000069e-01
1.640000000000000069e-01
1.640000000000000069e-01
1.640000000000000069e-01
1.640000000000000069e-01
1.640000000000000069e-01
1.640000000000000069e-01
1.640000000000000069e-01
1.640000000000000069e-01
