3.049377289359536114e-01
4.753570259918747931e-01
2.345463911795467027e+01
-1.864008329072752990e-01
7.867046227937115610e-01
6.803162097429120703e-01
6.814852009885205009e-01
6.827263924657618333e-01
6.840412029490159362e-01
6.854311640783149473e-01
6.868979278925664289e-01
6.884432752205960071e-01
6.900691250375907693e-01
6.917775449119096809e-01
6.935707626878425680e-01
6.954511795744314773e-01
6.974213848398815863e-01
6.994841723463822714e-01
7.016425592028350255e-01
7.038998068647983608e-01
7.062594450741910279e-01
7.087252991089135756e-01
7.113015209083921597e-01
7.139926247601162679e-01
7.168035283811579061e-01
7.197396004161678018e-01
7.228067156112804037e-01
7.260113192275915450e-01
7.293605026502220090e-01
7.328620926595867946e-01
7.365247575023905480e-01
7.403581337907615412e-01
7.443729794543287870e-01
7.485813595964148082e-01
7.529968743461920022e-01
7.576349409305228599e-01
7.625131466372306877e-01
7.676516957702064214e-01
7.730739831700205178e-01
7.788073411377181010e-01
7.848840286022155111e-01
7.913425662490715107e-01
7.982295783540271916e-01
8.056023986807011594e-01
8.135328683982866460e-01
8.221130702029371129e-01
8.314643640793935031e-01
8.417524002867637911e-01
8.532138043744770250e-01
8.662080339257325345e-01
8.813314967659311439e-01
8.997207523119002959e-01
9.241770534180931973e-01
9.706988424417224426e-01
8.983800735788671776e-01
9.006053995718308336e-01
9.039175002407819903e-01
9.042609154527152526e-01
8.988905321672043813e-01
8.806102761852835359e-01
9.104401498185672459e-01
8.866741159661276628e-01
8.768708803325391266e-01
8.990182309546115302e-01
8.730299974807760321e-01
8.844786845007972520e-01
8.887045498915778774e-01
9.004981604291796282e-01
9.009459552516936309e-01
8.761739227666254237e-01
8.980591422873528407e-01
8.797957803383527065e-01
8.763298823845698804e-01
8.816223410341192945e-01
9.111505461358599955e-01
8.990662213714273321e-01
9.130071384847660010e-01
9.001525351174598510e-01
9.120140601551177673e-01
8.897442892250372326e-01
9.145093415794651737e-01
9.121170379336289713e-01
9.072724889223507949e-01
8.950548774154168941e-01
9.033713961938811821e-01
9.056248891802087808e-01
8.985208143529519464e-01
9.043006602605699884e-01
9.104286670806952531e-01
9.170535748244271756e-01
9.242979152514978480e-01
9.322701326901448038e-01
9.408684256281439895e-01
9.502181324437636301e-01
9.605324383620813533e-01
9.719383976275901560e-01
9.847286696550298091e-01
9.993604784482400527e-01
1.016200394040951638e+00
1.028684879951766495e+00
1.042197788077148246e+00
1.057755428874290304e+00
1.076514421870353289e+00
1.100652257522856781e+00
1.138142923190708311e+00
1.173503112262321624e+00
1.186419945420418953e+00
1.204994451821670198e+00
1.228074444263969500e+00
1.260431400054542905e+00
1.320700596636914748e+00
1.304207567564278358e+00
1.280930082431961381e+00
1.245995334743337679e+00
1.278760206653433817e+00
1.232897883971084019e+00
1.231588097669795934e+00
1.235452414089218465e+00
1.259550475650263568e+00
1.294255297838271535e+00
1.333805564730635940e+00
1.285325477108411496e+00
1.264648117069863131e+00
1.283876724580726769e+00
1.234741386742724156e+00
1.228793917096465238e+00
1.264907237826460085e+00
1.312567008411807956e+00
1.264801974236350324e+00
1.255276088029992021e+00
1.261591613917159904e+00
1.262678075432333236e+00
1.258820233990140647e+00
1.257629493872646442e+00
1.264106145314397578e+00
1.308242577740815982e+00
1.304554557251509816e+00
1.322644345116534170e+00
1.266745905631453617e+00
1.284020492384542189e+00
1.312206313567712446e+00
1.288626194024232507e+00
1.336772262817070622e+00
1.322627956447615771e+00
1.332002713966405905e+00
1.325090612763111908e+00
1.314934617686601248e+00
1.328533772909565203e+00
1.325742397528395511e+00
1.330496705335440843e+00
1.344814685101166196e+00
1.369011939376552300e+00
1.330247805331894462e+00
1.312572863769697173e+00
1.311834499496872031e+00
1.311344624236457701e+00
1.330516245627632044e+00
1.322310860128995902e+00
1.300037904104274444e+00
1.304418796306090922e+00
1.333550635458693900e+00
1.319252898827281140e+00
1.305900465793130349e+00
1.311771889770195987e+00
1.324020187907387847e+00
1.308980554474410418e+00
1.321189003122462013e+00
1.314557904626127094e+00
1.339761277940662465e+00
1.344223143320346425e+00
1.340200003856003574e+00
1.340698922476638577e+00
1.341665336583435231e+00
1.341297964177042834e+00
1.374023269796057267e+00
1.363523586580924984e+00
1.312911433012749818e+00
1.304005946882624611e+00
1.290806972445692979e+00
1.345467652311629125e+00
1.314898111025490923e+00
1.325555532887785271e+00
1.343076011556566307e+00
1.323356768653556559e+00
1.344906284603538005e+00
1.334241333947185693e+00
1.322659612855692890e+00
1.328614573284406353e+00
1.334984109850329226e+00
1.341804469281338230e+00
1.349118610983933708e+00
1.356978033442084230e+00
1.365445303254076093e+00
1.374597649114869702e+00
1.384532227518431080e+00
1.395374124415854400e+00
1.407289066203948336e+00
1.420504758455247041e+00
1.435349336666973619e+00
1.452327511521527947e+00
1.460607305795917688e+00
1.468717054730176885e+00
1.477479901801031170e+00
1.486979058499118711e+00
1.497319613171390618e+00
1.508637482283589515e+00
1.521113748671971910e+00
1.534998987044668972e+00
1.550657706624860799e+00
1.568658051384099528e+00
1.589980547026481617e+00
1.616626526560672961e+00
1.654372275522444813e+00
1.671051784804462370e+00
1.676442392553680882e+00
1.682293143124695245e+00
1.688636747320350739e+00
1.695511740422645630e+00
1.702963898645478036e+00
1.711048149840123767e+00
1.719831206391704725e+00
1.729395284547218026e+00
1.739843514557388948e+00
1.751308090068112611e+00
1.763963075155002391e+00
1.778045616119486194e+00
1.793893503163195513e+00
1.812017826737502890e+00
1.833261905442806983e+00
1.859219863532562744e+00
1.890883998285525669e+00
1.897160864574594319e+00
1.904027712986235965e+00
1.911532904238113062e+00
1.919734706903443167e+00
1.928704138722076022e+00
1.938528988357981708e+00
1.949319677804020934e+00
1.961218114020965908e+00
1.974411638869616459e+00
1.989156215012392925e+00
2.005817670769611816e+00
2.024951978328973112e+00
2.047482450900326878e+00
2.075173321210121102e+00
2.112410274510524211e+00
2.186418011073969048e+00
2.146573632991195524e+00
2.109040645121755819e+00
2.142146013016180905e+00
2.122481300053256081e+00
2.141370475403001628e+00
2.141949285040308126e+00
2.149488862467882289e+00
2.075495258564775014e+00
2.097919394115058456e+00
2.064554573312040731e+00
2.053773260241912979e+00
2.048159059308125141e+00
2.089317334015441840e+00
2.038294933728885372e+00
2.024342926124606201e+00
2.026161017581749046e+00
2.029204675079496756e+00
2.036629574042434943e+00
2.010452400167479947e+00
1.967836612874328983e+00
1.954477705906160434e+00
1.908759985836323114e+00
1.945097596914119986e+00
1.938224753503763997e+00
1.921743846012800017e+00
1.873204109846317023e+00
1.887329792595036748e+00
1.898181060411787913e+00
1.915260260832900796e+00
1.935336777814908427e+00
1.865216603707072096e+00
1.866680677229201279e+00
1.863519279303873288e+00
1.856903463974088453e+00
1.849380036229747892e+00
1.851406204499006503e+00
1.855927794313028789e+00
1.817389987252556960e+00
1.876889822010175068e+00
1.906692997112873655e+00
1.832742713072150753e+00
1.837869678929693107e+00
1.858293513685599141e+00
1.815417748400306008e+00
1.835065448371189900e+00
1.859866932125984418e+00
0.000000000000000000e+00
1.330566308902128236e+00
1.321758565906518745e+00
1.314846225504817667e+00
1.308339402232648885e+00
1.321594253388026496e+00
1.310388148764968452e+00
1.321183586140892707e+00
1.299153865216065018e+00
1.284994408017778644e+00
1.291369959742222573e+00
1.283680943601635649e+00
1.300176696466383675e+00
1.296920987660980629e+00
1.287090661387811696e+00
1.298765734824904428e+00
1.324889998492598808e+00
1.335358075070699035e+00
1.315653149492611362e+00
1.308357648763328829e+00
1.347861415881354219e+00
1.307890950177423184e+00
1.299545249952622106e+00
1.299430040021296806e+00
1.334628384372730903e+00
1.305450160674375804e+00
1.310232005293277435e+00
1.317757675287672292e+00
1.314046764302376102e+00
1.352361860317115916e+00
1.319592525177248010e+00
1.309436628559982108e+00
1.365676502751047572e+00
1.373110328429303584e+00
1.355456918873407135e+00
1.374247915719747581e+00
1.356923305023274740e+00
1.323702791088812170e+00
1.332111298107600872e+00
1.335142201961885267e+00
1.336087824537666169e+00
1.315351575285876207e+00
1.303379535660134314e+00
1.366385079729145247e+00
1.327241589206279215e+00
1.325473849533806314e+00
1.320045314757569255e+00
1.361806392732297644e+00
1.339698331940015308e+00
1.324351233503050507e+00
1.339172766601897546e+00
1.329576949196157098e+00
1.346165040222501830e+00
1.339285447797059048e+00
1.345252912628431607e+00
1.339024141513545541e+00
1.353820472226485050e+00
1.327282876466681527e+00
1.332119605080066105e+00
1.504780068786369052e+00
1.507304666660787440e+00
1.489627216464183279e+00
1.500043843297468094e+00
1.412279019241562406e+00
1.473607349836893565e+00
1.470905144574891521e+00
1.469063057207457001e+00
1.485502663943778057e+00
1.471453632987370419e+00
1.460295157353450834e+00
1.466814772116727505e+00
1.439175922576057420e+00
1.465766662684010235e+00
1.461785259196667131e+00
1.637153093918610303e+00
1.641601500387208201e+00
1.637685882366243018e+00
1.415928069767426800e+00
1.622788579336407411e+00
1.615842838699242501e+00
1.604090909259791697e+00
1.590055080765367945e+00
1.406842758684351269e+00
1.608955253694838383e+00
1.571365746410613440e+00
1.592717203009859306e+00
1.779512287334344967e+00
1.794125435967643512e+00
1.579005592931597590e+00
1.736542954366344205e+00
1.718715469916755056e+00
1.577480554782490163e+00
1.704444741235705996e+00
1.740926656522160387e+00
1.695605816641708063e+00
1.696187736380443623e+00
1.711201817593805075e+00
1.685475241144680503e+00
1.716962367583106941e+00
1.692563608973069567e+00
1.671892654569711700e+00
1.658435642227640061e+00
1.705197337881774855e+00
1.704505162782285144e+00
1.698033843273248022e+00
1.703480717313524462e+00
1.522293238939440352e+00
1.640698055500543040e+00
1.640443786197836928e+00
1.644731119097831096e+00
1.656672290918453694e+00
1.676540658462569056e+00
1.662556700240311436e+00
1.667007414977206503e+00
1.706094319149902505e+00
1.718028033961379153e+00
1.677963151465551528e+00
1.647770901251267128e+00
1.658694205895539842e+00
1.641177987894589352e+00
1.644174464270386826e+00
1.649744488117557140e+00
1.674398513236350361e+00
1.699248654484054377e+00
1.697267161314472084e+00
1.682128245633937702e+00
1.769501288565962893e+00
1.776956825170757037e+00
1.708160922593976006e+00
1.575468865992365242e+00
1.539687100126641672e+00
1.421645451868410737e+00
1.380766045238571937e+00
1.354286347834291693e+00
1.333515068880211762e+00
1.252673520353122294e+00
1.280753908543553310e+00
1.271718533835641374e+00
1.271749061650489843e+00
1.250464019369978974e+00
1.266297916991653061e+00
1.270136334272058631e+00
1.269406404177501502e+00
1.272011682209771788e+00
1.255672200181454645e+00
1.232060644857503107e+00
1.278680392097808927e+00
1.242806998991211165e+00
1.223077233031197641e+00
1.220616129176478326e+00
1.241757380730653892e+00
1.232641904287941514e+00
1.229605517113614432e+00
1.255937684839846691e+00
1.279122426523910949e+00
1.219935756429955998e+00
1.250869973202762164e+00
1.252270485379600506e+00
1.276382266115839270e+00
1.334820670754157224e+00
1.321864225635827506e+00
1.309783239876821659e+00
1.299712081630773231e+00
1.287302800044491935e+00
1.319544963581750219e+00
1.294684810745797554e+00
1.328714059421251648e+00
1.294456991477896501e+00
1.312166036558665816e+00
1.309297058868031494e+00
1.301709496542785782e+00
1.297136896425299613e+00
1.305505795921492851e+00
1.243408673557210076e+00
1.214251167166767287e+00
1.192565623102734174e+00
1.174830414540736445e+00
1.159655008792104480e+00
1.146318640370233899e+00
1.134389938256141761e+00
1.123586210303135768e+00
1.085216860308003906e+00
1.057375506542917787e+00
1.036847910347301394e+00
1.020125966442083643e+00
1.005853144674822230e+00
9.926678561952080315e-01
9.382900629587328512e-01
9.421529571019672256e-01
9.462223902613877691e-01
9.505106916518352156e-01
9.550317326457143929e-01
9.598011971766615691e-01
9.648369174628853573e-01
9.701592954330340302e-01
9.757918382274284319e-01
9.817618479888143845e-01
9.881013241012399639e-01
9.948481639163305745e-01
1.002047792566438833e+00
1.009755426012366453e+00
1.018039297454738090e+00
1.026985402561173544e+00
1.036704743072395907e+00
1.047344897147056475e+00
1.059109576490946614e+00
1.072294177505605406e+00
1.087357021355054076e+00
1.105083329006800064e+00
1.112997910949418356e+00
1.115190206745358070e+00
1.117554869458879274e+00
1.120097191028071926e+00
1.122823050668814382e+00
1.125738979493634995e+00
1.128852236349334071e+00
1.132170897187837921e+00
1.135703960889123509e+00
1.139461475247560474e+00
1.143454687883070475e+00
1.147696228245809191e+00
1.152200328792244877e+00
1.156983096035033132e+00
1.162062845829449076e+00
1.167460522444983440e+00
1.173200228446823923e+00
1.179309903397473214e+00
1.185822205879390800e+00
1.192775678690344510e+00
1.200216317095736729e+00
1.208199725197430352e+00
1.216794155365789498e+00
1.226084918623984832e+00
1.236181009176643641e+00
1.247225478834465218e+00
1.259412543684530483e+00
1.273017699133679903e+00
1.288455501087372168e+00
1.299970155493023638e+00
1.304365460245282105e+00
1.309064748897259101e+00
1.314086552629531113e+00
1.319452085648750383e+00
1.325185772140665019e+00
1.331315919035545248e+00
1.337875586979168085e+00
1.344903735809437118e+00
1.352446758306891539e+00
1.360560576465823068e+00
1.369313575500164637e+00
1.378790826059070884e+00
1.389100363540159311e+00
1.400382904076944879e+00
1.412827627340079273e+00
1.426699433616886337e+00
1.442389923809643371e+00
1.456268674569116239e+00
1.464038464435519105e+00
1.472421539391157497e+00
1.481491437386170062e+00
1.491339966241563397e+00
1.502084200186698304e+00
1.513877385620091998e+00
1.526926819975389371e+00
1.541525094951784469e+00
1.558109459825964160e+00
1.577388383520992310e+00
1.600661640483339365e+00
1.630901412767330028e+00
1.668185987488332023e+00
1.673328125402794075e+00
1.678914012411152346e+00
1.684973546954648072e+00
1.691541809476053704e+00
1.698660267572424054e+00
1.706378384278464111e+00
1.714755806753286871e+00
1.723865413339491504e+00
1.733797670144716196e+00
1.744667059549148691e+00
1.756621932376446038e+00
1.769860323618174691e+00
1.784656859535610929e+00
1.801412100877646250e+00
1.820752659987154853e+00
1.843766060856328881e+00
1.872694816704145282e+00
1.893528493389823986e+00
1.900055078616272874e+00
1.907191487941624297e+00
1.914990074819458377e+00
1.923514214099222297e+00
1.932841593106835898e+00
1.943068926663396034e+00
1.954318929848296804e+00
1.966751031492206314e+00
1.980578625682904104e+00
1.996098536387894029e+00
2.013745331126905569e+00
2.034202324281725094e+00
2.058664845313676661e+00
2.089633216345307520e+00
2.134800253647915813e+00
8.716188327087687204e-01
8.674744647103264095e-01
8.250655320886419730e-01
8.490364968702388548e-01
8.993035212122434396e-01
8.780870186683071843e-01
8.583400790391061408e-01
8.478919805774423057e-01
8.971542466318648268e-01
8.691596931060032727e-01
8.488494551368017671e-01
9.066491772938292115e-01
8.752888216958453205e-01
9.150211444587745824e-01
9.208652430994072047e-01
9.266745372392913849e-01
9.328347988762132337e-01
9.393818697032123577e-01
9.463586155823492385e-01
9.538170092665998467e-01
9.618269369292428150e-01
9.705396495457809802e-01
9.799966408261775452e-01
9.903398133610228360e-01
1.001764735049371691e+00
1.014554390113801663e+00
1.029146512024180726e+00
1.046287547589380695e+00
1.067468136487848218e+00
1.096805053783670880e+00
1.108381683386591599e+00
1.116578120069979807e+00
1.125414976232185449e+00
1.134990681661817380e+00
1.145433523357973771e+00
1.156916143312205048e+00
1.169680626929804790e+00
1.184085547406014349e+00
1.200704394191275393e+00
1.220567314819330562e+00
1.245934665522771656e+00
1.284998751991182742e+00
1.323725864748239056e+00
1.290742559842497306e+00
1.304733657483170939e+00
1.288163337290178845e+00
1.308728073900937261e+00
1.332913829221877622e+00
1.304762301176122463e+00
1.282802984730945672e+00
1.307016047780452883e+00
1.301298930140822874e+00
1.282267750301950171e+00
1.328060064244844796e+00
1.288277206051638091e+00
1.296163945003512952e+00
1.303640384395426954e+00
1.318276084859091535e+00
1.328273517541655124e+00
1.333658024328976621e+00
1.285175400337493112e+00
1.352144830867067382e+00
1.341610892940952038e+00
1.340393285657702105e+00
1.331690166050527369e+00
1.332745102067266707e+00
1.269431577968790803e+00
1.267658256687070439e+00
1.240660252999624902e+00
1.233750630128721104e+00
1.251297562691945142e+00
1.283018943528378752e+00
1.301029197881952815e+00
1.301811277680643641e+00
1.300765673764657127e+00
1.305766724142706003e+00
1.286876507673977654e+00
1.279463832919635502e+00
1.258805239221686856e+00
1.272727208960747980e+00
1.279806723178811056e+00
1.273756423550294947e+00
1.271654581107140691e+00
1.271509969914117910e+00
1.263966847794437243e+00
1.292704116157344485e+00
1.269372243246560616e+00
1.265476821979207633e+00
1.296191608463063139e+00
1.311018037268385283e+00
1.297735224022948497e+00
1.310939351384500240e+00
1.295684921745480223e+00
1.278966327906824407e+00
1.289600894824990629e+00
1.340876996389695153e+00
1.329152373263797982e+00
1.324360744335319362e+00
1.319219983124046980e+00
1.334370896153861841e+00
1.332282418478603292e+00
1.340584799721244336e+00
1.282310395724328478e+00
1.301689705748524606e+00
1.330857349590124805e+00
1.505197433160177400e+00
1.381400347911349913e+00
1.339782224910302633e+00
1.337767758730183054e+00
1.309153407072896291e+00
1.347009483653968109e+00
1.326212502753081779e+00
1.348271315796147896e+00
1.319852339100018757e+00
1.315011716879223025e+00
1.309529593854189100e+00
1.319607866767145810e+00
1.335620765408893185e+00
1.323827592107140960e+00
1.340840171862947683e+00
1.314797475422730955e+00
1.317293584695336639e+00
1.306209505029958695e+00
1.334295836753813358e+00
1.316850386069677414e+00
1.304288769165506290e+00
1.335323096859508230e+00
1.381870254359488293e+00
1.401643287147762207e+00
1.402040229148846295e+00
1.406700406885710963e+00
1.408385647345911762e+00
1.389429473013209515e+00
1.381981536884865580e+00
1.428661952794107570e+00
1.453462051449954995e+00
1.429502546882293279e+00
1.449463688574973430e+00
1.380235965001306297e+00
1.411664127812004565e+00
1.486410923475822043e+00
1.467640065433252206e+00
1.461222709920759977e+00
1.476372591341839513e+00
1.507779663399572367e+00
1.459008347841495912e+00
1.466410567482344218e+00
1.488173016434359841e+00
1.496396702848044491e+00
1.492334354006463304e+00
1.524136100679843064e+00
1.513579068158351193e+00
1.526036873369462921e+00
1.539916433704334509e+00
1.555565997079477070e+00
1.573550378168547814e+00
1.594842447794036167e+00
1.621421062767267607e+00
1.658949596578900509e+00
1.695425481491097397e+00
1.725358462904942991e+00
1.717438036978154559e+00
1.718155295076955191e+00
1.737274185520447212e+00
1.748685564024943906e+00
1.700229899544090983e+00
1.699257129694292878e+00
1.737071496493936218e+00
1.732497327107426432e+00
1.757451697981741834e+00
1.758025369382399061e+00
1.767841287880321355e+00
1.748961570449585112e+00
1.811054315083451938e+00
1.826241095710407158e+00
1.790226611295805847e+00
1.782557301738122435e+00
1.816359482140310400e+00
1.806959805602862401e+00
1.825186033347155901e+00
1.846876899908439951e+00
1.856905659784816365e+00
1.822392047220550815e+00
1.886910044732987179e+00
1.835344861678966932e+00
1.841176162167575070e+00
1.851996684366818746e+00
1.872741816575474338e+00
1.902646370170168799e+00
1.879736094884561615e+00
1.892843329370971217e+00
1.914848615988131497e+00
1.929191742079275906e+00
1.939830009884637052e+00
1.935769849698504741e+00
1.891510248720116971e+00
1.926438413099929692e+00
1.987545540531621580e+00
1.971421086019540692e+00
1.969854654924006354e+00
1.989886910158803923e+00
2.033832578074954434e+00
2.076052106430454458e+00
2.099203727725369006e+00
2.096856719235161037e+00
2.139511132581520592e+00
1.389812930621079134e+00
1.401165661858017275e+00
1.413695325065726927e+00
1.427673236924339006e+00
1.443502179789998063e+00
1.456763608245746466e+00
1.464571880809164561e+00
1.472997828854397895e+00
1.482116031848900839e+00
1.492019716631453496e+00
1.502827952138796830e+00
1.514696897802204179e+00
1.527838313343245158e+00
1.542552060788376478e+00
1.559288259447763059e+00
1.578781020670246171e+00
1.602391551053470087e+00
1.633298559988600074e+00
1.668512074833624848e+00
1.673682654793988478e+00
1.679298816096477021e+00
1.685390768086531210e+00
1.691993971747248970e+00
1.699150367340534595e+00
1.706910014676666032e+00
1.715333328448674477e+00
1.724494195303480915e+00
1.734484439074323925e+00
1.745420424686945138e+00
1.757453207210863511e+00
1.770784880083064561e+00
1.785696509496353057e+00
1.802599656064653111e+00
1.822141745548785607e+00
1.845456208275306098e+00
1.874916949510003983e+00
1.893941175217496387e+00
1.900506560230572850e+00
1.907684934275000854e+00
1.915529296912152901e+00
1.924103853352084892e+00
1.933487381594548804e+00
1.943778065706083913e+00
1.955100659944752017e+00
1.967617527121148902e+00
1.981546475020108389e+00
1.997191355009718006e+00
2.014998796422479810e+00
2.035675102792855462e+00
2.060466908311547218e+00
2.092024697803536615e+00
2.138871101276496933e+00
1.281270615326174367e+00
1.232135372040732202e+00
1.303909544761066241e+00
1.289712795813440227e+00
1.325287298311421003e+00
1.322775028906496564e+00
1.355380074208359265e+00
1.323698811150468613e+00
1.348225932836285779e+00
1.347149550893004921e+00
1.339685527614151939e+00
1.335775478732292632e+00
1.337782119160751959e+00
1.307809186667678869e+00
1.322758298822056089e+00
1.347199686196884016e+00
1.318276096892492477e+00
1.326273213607516377e+00
1.316999062305924006e+00
1.324710971965894046e+00
1.330951586836800038e+00
1.331726298656119800e+00
1.380744596927490297e+00
1.339550433988532907e+00
1.309058434460258491e+00
1.302973216486374319e+00
1.305353788386969249e+00
1.826860151558796774e+00
1.831640529125535988e+00
1.857543918687890372e+00
1.846091417171564775e+00
1.855776900564624077e+00
1.884165130258625309e+00
1.903679398634501307e+00
1.904305259749364820e+00
1.944528992282199997e+00
1.955612896534387080e+00
2.010356500385120260e+00
1.984082549549267993e+00
1.973793995621595077e+00
1.962285391037179139e+00
2.005444129175210755e+00
1.976011090859660868e+00
2.040518637231478749e+00
2.011199270615328771e+00
2.049152956475055909e+00
2.041740941627272043e+00
2.032578954940220672e+00
2.204473310599930791e+00
2.145911806835188784e+00
2.120269027471869627e+00
2.123552232689651209e+00
2.050728022185601684e+00
2.014746579392174830e+00
1.888738576177702910e+00
1.847151185267335904e+00
1.818270434771015909e+00
1.717777455481512838e+00
1.689719557675908757e+00
1.643052292806054915e+00
1.601691268251678846e+00
1.573010120084608499e+00
1.551117265137020196e+00
1.534242215323881053e+00
1.516438239178358405e+00
1.497328300131486767e+00
1.465065438438977186e+00
1.441890123294397918e+00
1.429377374712938575e+00
1.419362660016149968e+00
1.405826893177356762e+00
1.380962316377369659e+00
1.369587364320786094e+00
1.359200688396068335e+00
1.349656700010488430e+00
1.340844092979336599e+00
1.331605963121716085e+00
1.321137010591886485e+00
1.333632383144421896e+00
1.337339160785545156e+00
1.339103660051768951e+00
1.325555342853288243e+00
1.303062736070033090e+00
1.298073145334984302e+00
1.288112036369229552e+00
1.279036386764184074e+00
1.333175149700857043e+00
1.293914842728190795e+00
1.291148037135587900e+00
1.275472817688171778e+00
1.294296603482900876e+00
1.353962938667866878e+00
1.336976769220644234e+00
1.349553406197286698e+00
1.323849015034616494e+00
1.309186224443464219e+00
1.294367982358471503e+00
1.302712551664024776e+00
1.298484493284164154e+00
1.292413384949300470e+00
1.314437410454567967e+00
1.283152216462357220e+00
1.270109956469034573e+00
1.286673700380889684e+00
1.318144556166418901e+00
1.499114149170428290e+00
1.378638259206782068e+00
1.337385816356309709e+00
1.316615398754737098e+00
1.302711330226814734e+00
1.341301935088763830e+00
1.274191234571908193e+00
1.245677016189678632e+00
1.269993844200727917e+00
1.260439466629912797e+00
1.243347687247506883e+00
1.304003747711667938e+00
1.293318015385280795e+00
1.271792838385024105e+00
1.287637310020097514e+00
1.306386954729036987e+00
1.305977630259369082e+00
1.244036134671407501e+00
1.211067160246443120e+00
1.189048741690282629e+00
1.171400575425206370e+00
1.156288642720449955e+00
1.143001757782238892e+00
1.131113290503839242e+00
1.120343219930941103e+00
1.110516935730990085e+00
1.101524067046623978e+00
1.089299824900847646e+00
1.059668562981190165e+00
1.033996043017898492e+00
1.014537339347585831e+00
9.984850779453875447e-01
9.846743720573227776e-01
9.724871491753456221e-01
9.615483402093654153e-01
9.516098754459070275e-01
9.424974877268358364e-01
9.340831615084995709e-01
9.262695578687439868e-01
9.189806050367371748e-01
9.121555088370874032e-01
9.057447755146768031e-01
8.993748862198664984e-01
8.844689654454904737e-01
8.985186487866264615e-01
8.833067791024088455e-01
8.756638546208987961e-01
8.559544193769574871e-01
8.622546284766077207e-01
8.631051765475268311e-01
9.051312268314823939e-01
9.175899957973360221e-01
9.079812609169422011e-01
8.568738723598625651e-01
8.327473381798363716e-01
9.144494496416704088e-01
8.993176904921647008e-01
8.969530949017531229e-01
9.095415328064010430e-01
9.156103121175765969e-01
9.108796068826662262e-01
8.780627137085533773e-01
8.680595375292672333e-01
9.043410373373359512e-01
8.977418430800124804e-01
9.109171206678707833e-01
9.032726911446046225e-01
8.720997585011660558e-01
9.139450713494186029e-01
9.227733261989463642e-01
8.843811564524615143e-01
9.213805394462976084e-01
8.728496105485623602e-01
8.467294868695962595e-01
8.278603454271895590e-01
8.125870389014971940e-01
7.995757860443797327e-01
7.881675427595030703e-01
7.779754017510261965e-01
7.687315086549344478e-01
7.602627809806786763e-01
7.524436127455856882e-01
7.451794060249041785e-01
7.383967976667228372e-01
7.320375262455505183e-01
7.260544069341887674e-01
7.204085906954574847e-01
7.150676395714430367e-01
7.100306238927197588e-01
7.052688488101784836e-01
7.007372823661230932e-01
6.964188623426814662e-01
6.922986318336715739e-01
6.883633960687601805e-01
6.846014482445950122e-01
6.810023481152694957e-01
6.775567414337821948e-01
6.744500845100048769e-01
6.737822088746208138e-01
6.731782840614802810e-01
6.726377016509063056e-01
6.721599215358845525e-01
6.717444698626964250e-01
6.713909372469100134e-01
6.710989772491418037e-01
6.708683050975021711e-01
6.706986966458935440e-01
6.705899875594271142e-01
6.705420727201916176e-01
6.705549058484778779e-01
6.706284993363397229e-01
6.707629242921433477e-01
6.709583107964568471e-01
6.712148483713815672e-01
6.715327866671872981e-01
6.719124363719242155e-01
6.723541703515965029e-01
6.728584250305010839e-01
6.734257020234939439e-01
6.740565700342979749e-01
6.747516670365284464e-01
6.755117027569592647e-01
6.763374614836965559e-01
6.772298052254703826e-01
6.781896772522539862e-01
6.792181060519301150e-01
