3.058556021440566042e-01
1.357465873676480861e+00
2.345463911795467027e+01
1.704239812868886617e+01
3.139508748948630412e+00
9.775672090724604191e-01
1.114445046771307624e+00
1.085884549325469850e+00
1.146087607577833012e+00
1.104336482821704157e+00
1.079116371477764069e+00
1.126066487451598208e+00
1.094012067853872061e+00
1.071646777591343414e+00
1.053775476788818777e+00
1.038663293464143544e+00
1.147637935686311117e+00
1.106833919130422617e+00
1.081810633406309785e+00
1.123846523652496376e+00
1.093937064992556385e+00
1.153340440388901600e+00
1.111033604269763941e+00
1.187396664217987619e+00
1.121211275738127400e+00
1.093210281435112785e+00
1.126349185748193094e+00
1.097141437033987588e+00
1.143196015019085632e+00
1.108235757867200189e+00
1.084806480652230398e+00
1.066321650792833697e+00
1.177128004368884762e+00
1.124994995664523101e+00
1.097887605540477818e+00
1.139491619126582478e+00
1.107991783837834809e+00
1.085765707248892209e+00
1.067938468177336730e+00
1.052835064966848977e+00
1.140635825312178886e+00
1.110030652751402780e+00
1.088140558486115683e+00
1.070498170762254730e+00
1.159525038046000489e+00
1.122556702613293211e+00
1.098433823855033076e+00
1.140067857180091071e+00
1.111408727977072353e+00
1.165195935056015708e+00
1.127175359811292576e+00
1.102726041668104173e+00
1.148220793335019918e+00
1.117917068196838892e+00
1.169872794923554782e+00
1.131118020238709665e+00
1.106444567131470880e+00
1.087248536642049901e+00
1.214462864381835594e+00
1.146414237918669254e+00
1.118073636567622486e+00
1.097094794372933446e+00
1.079963817738085918e+00
1.174821849112390071e+00
1.136082692619651224e+00
1.111382114591361825e+00
1.157383916703038862e+00
1.126621240766876086e+00
1.186483777756186742e+00
1.143246240759534960e+00
1.117421427100456555e+00
1.169334092384729518e+00
1.139313324416014739e+00
1.121347035639473022e+00
1.138896706263457403e+00
1.132391915908301572e+00
1.164713777050254917e+00
1.157252820177525177e+00
1.196958642021823005e+00
1.143522804458682707e+00
1.231643630781194432e+00
1.253002159760181700e+00
1.240954270395506098e+00
1.259359501711492468e+00
1.221416755601401505e+00
1.209191847921259555e+00
1.220702782483701787e+00
1.241251339683477894e+00
1.219372869755328326e+00
1.271510987451589303e+00
1.252683425182393062e+00
1.245315513339250835e+00
1.279459940270523122e+00
1.272464611620415909e+00
1.334271162901563113e+00
1.307823913463570298e+00
1.318329872165896477e+00
1.334238314823347427e+00
1.305359345632687518e+00
1.313363889481620195e+00
1.306313957602476483e+00
1.338880624860807389e+00
1.335458484396512491e+00
1.314492799015833047e+00
1.291362799006992246e+00
1.292880208644830997e+00
1.298646927305433962e+00
1.325225997362365904e+00
1.312672270701833899e+00
1.292449194721683847e+00
1.320700596636914748e+00
1.306205392275976873e+00
1.331293371866310471e+00
1.317509891198740624e+00
1.340712798667422323e+00
1.344628223542048584e+00
1.324159538246875822e+00
1.327332569678185692e+00
1.312941367379781621e+00
1.336721287163832317e+00
1.333805564730635940e+00
1.348666680732846901e+00
1.398772772269740505e+00
1.377487264556096047e+00
1.368361600733281502e+00
1.379139178835874446e+00
1.387954379874386301e+00
1.401517131157876905e+00
1.401060890124533165e+00
1.401307656501739052e+00
1.406709612820016497e+00
1.400197834294427235e+00
1.396667162839083653e+00
1.390840476523101499e+00
1.388949973059461440e+00
1.387667366375437306e+00
1.378270751143263029e+00
1.370675853145401080e+00
1.429804853179461155e+00
1.417074913793499702e+00
1.396655235722773503e+00
1.381761861761728882e+00
1.398269589013591663e+00
1.423673183368147299e+00
1.443964723661796290e+00
1.451185522924107074e+00
1.456967943257459819e+00
1.463199287667313442e+00
1.483290294142097121e+00
1.536911679346661508e+00
1.532631012611984200e+00
1.540033070023540507e+00
1.524221722078638930e+00
1.536739061431998898e+00
1.546031915308384797e+00
1.569149850193297224e+00
1.552162230231287632e+00
1.565331379762197495e+00
1.583507578459835141e+00
1.603339826251091393e+00
1.614668233155417632e+00
1.625761598493339122e+00
1.637969721348667917e+00
1.651764700102138494e+00
1.669744816506395280e+00
1.685629861557444986e+00
1.707198489797389529e+00
1.734153764348635551e+00
1.771708871030925225e+00
1.838143371425498884e+00
1.836792727631360034e+00
1.833920792914032871e+00
1.821828491651817927e+00
1.842168284549839941e+00
1.878514758761264059e+00
1.853813253970784780e+00
1.859529037700927034e+00
1.857332212137676297e+00
1.866767269562208398e+00
1.883425929999993587e+00
1.902597358105512004e+00
1.925277769257546456e+00
1.953441116195905103e+00
1.992402372802512867e+00
2.045425085305808022e+00
2.089705498626453828e+00
2.070464443190572101e+00
2.140028157644378481e+00
2.167856709174442731e+00
2.204987653045671792e+00
2.273531037169136404e+00
2.291345363018863157e+00
2.315446693473989015e+00
2.322625702949426607e+00
2.347587649378668040e+00
2.330944709930209857e+00
2.352165158278642032e+00
2.376793236264170606e+00
2.113303413237694883e+00
2.117988071334437006e+00
2.142517210641928127e+00
2.173413716268909557e+00
2.217701004197892178e+00
2.257986506681456174e+00
2.246446364391081030e+00
2.241246684660506361e+00
2.216242197612630527e+00
2.256134678967403495e+00
2.234554240377650824e+00
2.231996226769300762e+00
2.253398296420278779e+00
2.222577216420626556e+00
2.123080546682976077e+00
2.102699549089287245e+00
2.115352256983921819e+00
2.098347007391791141e+00
2.098470651498728134e+00
2.076002121855570426e+00
2.068502886804592489e+00
2.043907428024945183e+00
2.046471151641580999e+00
2.015615337740022550e+00
2.004446449978892986e+00
1.976025301309835891e+00
1.940031648382262386e+00
1.999093892262008731e+00
2.022372564174856890e+00
1.962954598201096745e+00
1.989984345156436740e+00
1.963408619880212758e+00
2.008104897597259519e+00
1.964798390637203962e+00
1.965963356559436326e+00
1.980829885210739105e+00
1.994677088043846025e+00
2.004281100318908937e+00
2.017438257094688936e+00
2.032142809224496194e+00
2.048752660316485841e+00
2.067808402554126346e+00
2.090199573187046855e+00
2.117599965811522100e+00
2.154039287853136031e+00
2.219970050980354603e+00
2.232426620513940030e+00
2.234555678312366123e+00
2.225463680595913374e+00
2.223791124792035223e+00
2.247641648575708473e+00
2.142146013016180905e+00
2.098555747946686534e+00
2.141370475403001628e+00
2.156867717417191965e+00
2.149488862467882289e+00
2.094306858456818965e+00
2.097919394115058456e+00
2.064554573312040731e+00
2.053773260241912979e+00
2.048159059308125141e+00
2.089317334015441840e+00
2.047748163431987845e+00
2.095576430430868164e+00
2.107335936407833010e+00
2.076597631657661758e+00
2.090629623813335947e+00
2.111033901780345001e+00
2.082298715009729850e+00
2.097506539717668872e+00
2.118579367786021628e+00
2.075795713534821729e+00
2.096913743416464193e+00
2.062474242022785731e+00
2.088253047788100059e+00
2.055213434689853624e+00
2.091575888976398012e+00
2.057416127947051532e+00
2.080235910508970498e+00
2.057170980563724161e+00
2.044522136333775997e+00
2.065216654117203454e+00
2.053255823038704797e+00
1.971411360413312774e+00
1.994500358634960335e+00
1.981815391572902874e+00
1.987066360613478411e+00
2.012416032890810058e+00
2.026233770226404829e+00
2.025120409134583799e+00
2.036096926381348649e+00
2.249920595577968196e+00
2.206123232624508823e+00
2.299736004147045154e+00
2.253757200862568144e+00
2.197258878196029386e+00
2.162502666359551906e+00
2.135857638948436055e+00
2.195713389746802857e+00
2.323485084453967175e+00
2.252887146621410874e+00
2.269012266783200005e+00
2.281988204468044845e+00
2.268744060557760900e+00
2.268897775693047958e+00
2.236965032487623795e+00
2.221872951251352202e+00
2.195778202789560041e+00
2.189543024801491100e+00
2.192008630442285000e+00
2.134164241909289217e+00
2.129883333807313761e+00
2.131347020370454537e+00
2.119881786639791432e+00
2.079271700551106328e+00
2.072305947384738278e+00
2.067991746439930445e+00
2.064625841953910079e+00
2.055296537944940827e+00
2.072857779638296982e+00
2.050872098294984180e+00
2.020822851836435952e+00
2.034803787877895509e+00
2.002783089175812936e+00
1.990048133147974019e+00
1.978299326709518358e+00
2.009565455030728032e+00
2.004995249477329100e+00
2.004895211663500376e+00
1.949268076858806431e+00
1.979754731050785921e+00
1.982595828306282337e+00
1.940256094890844052e+00
1.936895950651208897e+00
1.930264191699049281e+00
1.928782354578998381e+00
1.926892554670294411e+00
1.917015056047173260e+00
1.909824782541952981e+00
1.893475902382682818e+00
1.924385704370144889e+00
1.899347012086733955e+00
2.269059114886506023e+00
2.278848397947879523e+00
2.271355049682092009e+00
2.280848583575365129e+00
2.251426748515870102e+00
2.217825788050234337e+00
2.158838132173946267e+00
2.108962871593870858e+00
2.048560733357978503e+00
1.948358065124407901e+00
1.888819449479530732e+00
1.866954027225877111e+00
1.882149521210092047e+00
1.869416125923307526e+00
1.879500603322517671e+00
1.841317773429403948e+00
1.863772323349130344e+00
1.855080508925216698e+00
1.861544873101631525e+00
1.865391005677528691e+00
1.877806121244319115e+00
1.887309771479387166e+00
1.896506407152970697e+00
1.887016398590243504e+00
1.899444897673017607e+00
1.913260560907552810e+00
1.938989775094908108e+00
1.946402477675907017e+00
1.966877107594416030e+00
1.991436983223280111e+00
2.022755653238324847e+00
2.069611349005831880e+00
2.109199087422476193e+00
2.127549474426547071e+00
2.060002946057556183e+00
2.047300407982034720e+00
2.080171456510496064e+00
2.075722800892857656e+00
2.055187778058437775e+00
2.069276708374581553e+00
2.070400872505829604e+00
1.949426315758991501e+00
1.972335033944190075e+00
1.804090443361349605e+00
1.826887826754945099e+00
1.856910896742060890e+00
1.849686360513558947e+00
1.841245177177094794e+00
1.838740980845186002e+00
1.867915897210844722e+00
1.883584833963413585e+00
1.759527981058004009e+00
1.856179680621080408e+00
1.729270614307865550e+00
1.825050092532134016e+00
1.788685343045802290e+00
1.831789659237279544e+00
1.791000855531712732e+00
1.831250429139078761e+00
1.772974000209514234e+00
1.824901753411704020e+00
1.789627712090493095e+00
1.644731119097831096e+00
1.656672290918453694e+00
1.676540658462569056e+00
1.662556700240311436e+00
1.667007414977206503e+00
1.706094319149902505e+00
1.718028033961379153e+00
1.677963151465551528e+00
1.647770901251267128e+00
1.658694205895539842e+00
1.650141675660359519e+00
1.661196002276037698e+00
1.667902696494102610e+00
1.674398513236350361e+00
1.667720111341145950e+00
1.661274982240577680e+00
1.709912023570626882e+00
1.769501288565962893e+00
1.776956825170757037e+00
1.700341891387029403e+00
1.570783812678704816e+00
1.535260300766890351e+00
1.542143651011032457e+00
1.550806004793131132e+00
1.601651469848150766e+00
1.581872767774977762e+00
1.631047869649472570e+00
1.606227417036598881e+00
1.524473726861314882e+00
1.513129777978831525e+00
1.537415404469790081e+00
1.528398050490143545e+00
1.523935380399696005e+00
1.520826816677206317e+00
1.532129014640395415e+00
1.505880700324087940e+00
1.536709333057129756e+00
1.509625228684363218e+00
1.547813873580595301e+00
1.518177644358195799e+00
1.560273371413745780e+00
1.527250386735353960e+00
1.558546535022404367e+00
1.526478745994958031e+00
1.553115936268547159e+00
1.522963043370362923e+00
1.541898513091750855e+00
1.571033629169990009e+00
1.535982158368775385e+00
1.563828324005137160e+00
1.597038362156699920e+00
1.552039110050373427e+00
1.599868437831019286e+00
1.553943877514660565e+00
1.524940965636722989e+00
1.567501269058236169e+00
1.534776501989923547e+00
1.582084269242991281e+00
1.544604260219908154e+00
1.603340610436838842e+00
1.556824713916418856e+00
1.616360935212135308e+00
1.563015630038493420e+00
1.532307898542045077e+00
1.578471780467437524e+00
1.543078658856398722e+00
1.603879724186667799e+00
1.558072188587455553e+00
1.624733221021074758e+00
1.567209579632938166e+00
1.535777117570558570e+00
1.512077843574383795e+00
1.492615902241395842e+00
1.616083626179047217e+00
1.564519310053398504e+00
1.534147531872289916e+00
1.510963647559345091e+00
1.491822239713394893e+00
1.596822989932439096e+00
1.555409744866842914e+00
1.586130077457823084e+00
1.628197030960633507e+00
1.570285783482756603e+00
1.599859911664205603e+00
1.557682180921753590e+00
1.581870665619041771e+00
1.546868131599362872e+00
1.586396316258031902e+00
1.549908371687471531e+00
1.523984676237641445e+00
1.503185184104951277e+00
1.485596050673499535e+00
1.470273811509371642e+00
1.456669905207887972e+00
1.587881909262709446e+00
1.551172765669085241e+00
1.591047316331840600e+00
1.553201183643796890e+00
1.598787006947816725e+00
1.557843930543509448e+00
1.593897325261902864e+00
1.554989247961214183e+00
1.591604657387700961e+00
1.553602204944598331e+00
1.590627203648119270e+00
1.552991939531504162e+00
1.526617504873695408e+00
1.505557297703452591e+00
1.487791636570259923e+00
1.601829384280177182e+00
1.559464105424027913e+00
1.531449987590575601e+00
1.509480387515518940e+00
1.518737006109287524e+00
1.529375626590971704e+00
1.541044316362612188e+00
1.553940627519246442e+00
1.568341001565942694e+00
1.584653703157244076e+00
1.603528985491197156e+00
1.626127566093525267e+00
1.654968319918933117e+00
1.668219639466989257e+00
1.675170375864065919e+00
1.682699489916371194e+00
1.690863064225082590e+00
1.699729326071245161e+00
1.709382534455698766e+00
1.719928659594782250e+00
1.731503984406841834e+00
1.744288711980275908e+00
1.758529691662008343e+00
1.774581099243971893e+00
1.792984284747163093e+00
1.814646158464670700e+00
1.828753345016610909e+00
1.844451365073326299e+00
1.862361003418304906e+00
1.883263298192118018e+00
1.908593834937360789e+00
1.941648874836368721e+00
1.962711607375422496e+00
1.984737157068580782e+00
2.011707021860618116e+00
2.047690724936988449e+00
2.105489851132527956e+00
2.127413343155117875e+00
2.154023169726296150e+00
2.188737813336078197e+00
2.245218289149336410e+00
2.164323127787130652e+00
2.203436916069530849e+00
2.301489506544849295e+00
1.513877385620091998e+00
1.526926819975389371e+00
1.541525094951784469e+00
1.558109459825964160e+00
1.577388383520992310e+00
1.600661640483339365e+00
1.630901412767330028e+00
1.668185987488332023e+00
1.673328125402794075e+00
1.678914012411152346e+00
1.684973546954648072e+00
1.691541809476053704e+00
1.698660267572424054e+00
1.706378384278464111e+00
1.714755806753286871e+00
1.723865413339491504e+00
1.733797670144716196e+00
1.744667059549151578e+00
1.756621932376446038e+00
1.769860323618174691e+00
1.784656859535610929e+00
1.801412100877646250e+00
1.820752659987154853e+00
1.843766060856328881e+00
1.872694816704145282e+00
1.893528493389823986e+00
1.900055078616272874e+00
1.907191487941624297e+00
1.914990074819458377e+00
1.923514214099222297e+00
1.932841593106835898e+00
1.962176918888231203e+00
2.008774716625640000e+00
2.020431175702326776e+00
2.033351031566526856e+00
2.047771437538372208e+00
2.064026656722263819e+00
2.082614932726388979e+00
2.104340258372964012e+00
2.130667942954930894e+00
2.164907928971666173e+00
2.219904228919932443e+00
1.876389169547632019e+00
1.885450889314643996e+00
1.895367340625119912e+00
1.906251596163476503e+00
1.918249441011536494e+00
1.931554155819765972e+00
1.946431303782048872e+00
1.963263328666197571e+00
1.982637713268510016e+00
2.005545989946023511e+00
2.033935342596164375e+00
2.072944109461380524e+00
1.243777070651359562e+00
1.282104934973554489e+00
1.261235012164875435e+00
1.274873100099373158e+00
1.277888205480277151e+00
1.273836358782314493e+00
1.283049687007467021e+00
1.271353572006343136e+00
1.259470643093917763e+00
1.290674789333644101e+00
1.265466159383721090e+00
1.273374235835651236e+00
1.272405863595812203e+00
1.306864504461100474e+00
1.319868418412583289e+00
1.284777816996469202e+00
1.289480896254018738e+00
1.303309312557967559e+00
1.299863456510605975e+00
1.305588284633686369e+00
1.311705012650972613e+00
1.318246466414190410e+00
1.325251320551803946e+00
1.332765619471542484e+00
1.340844856018324593e+00
1.349556880539286352e+00
1.358986086733880772e+00
1.369239636048235065e+00
1.380457087101904179e+00
1.392826034625531895e+00
1.396505989833102035e+00
1.397801700832763894e+00
1.399320408435502650e+00
1.401066107078006162e+00
1.403043481841063977e+00
1.405257963719952929e+00
1.407715796200176506e+00
2.164147191655167113e+00
2.123490867107941327e+00
2.210922160047580132e+00
2.148711770149099198e+00
2.112950448753937671e+00
2.085888123327421795e+00
2.063711831949947229e+00
2.171163640075794543e+00
2.120645292129411885e+00
2.087822050232820192e+00
2.062304966231420789e+00
2.041134505582848924e+00
2.022959839593637899e+00
2.003467444511290552e+00
1.981627604661754027e+00
1.962998134706269049e+00
1.946727278113451920e+00
1.932295283498737026e+00
1.919357074519904005e+00
1.907669634950182713e+00
1.897054215753900985e+00
1.887374885497382415e+00
1.873938003625330806e+00
1.850924613399465679e+00
1.831561911942725551e+00
1.814779009780184804e+00
1.799955788054246941e+00
1.786694553889030201e+00
1.774722032615051015e+00
1.763840841091846912e+00
1.753902937201577528e+00
1.744793973878953075e+00
1.736423533071638436e+00
1.728718743086979037e+00
1.721619947334831702e+00
1.715077671660936609e+00
1.709050444037268024e+00
1.703503191271013906e+00
1.698406036919013706e+00
1.693733384773165707e+00
1.666423443398685533e+00
1.679936257357001583e+00
1.688129575849744102e+00
1.691906245126749697e+00
1.696062412666587527e+00
1.700616331670100401e+00
1.705589142920479917e+00
2.232039920646856412e+00
2.101270525375249054e+00
2.040296908214252358e+00
2.005344498047912705e+00
1.844153249024060859e+00
1.815558289852035934e+00
1.888280344948288780e+00
1.905213288221453638e+00
2.212037259493961017e+00
2.187606183964824869e+00
2.165283347229690847e+00
2.190018178018737327e+00
2.157140745548467020e+00
2.159633676077341580e+00
2.150772881051584928e+00
2.136068620226633019e+00
2.115315374670155180e+00
2.132479574454706928e+00
2.172959099850301001e+00
2.121914274388180477e+00
2.105082674587432479e+00
2.116984435089254379e+00
2.115779120885235454e+00
2.133349607367596157e+00
2.122888793588880496e+00
2.104344823383810681e+00
2.151344363118332659e+00
2.123164927461570706e+00
2.110826019733766490e+00
2.130207003345470085e+00
2.097514090217138083e+00
2.045737446796352277e+00
2.049697435508910370e+00
2.063196818520772080e+00
2.074717060827441006e+00
2.093619098914116794e+00
2.029901081598438850e+00
2.048087644965645104e+00
2.029004323519630226e+00
2.024326659124175531e+00
2.018284028566676103e+00
2.015282117102492165e+00
2.037141862653483404e+00
2.012923835566104991e+00
2.013152331918092841e+00
1.998299304600616777e+00
1.979497641901786453e+00
1.974854789595253290e+00
1.959852004364490918e+00
1.948327165490342461e+00
1.948366549502880796e+00
1.947477287857244832e+00
1.934164371485936451e+00
1.913974269274804074e+00
1.941841064464973954e+00
1.892715526780396340e+00
1.904337150405631007e+00
1.918361806763632771e+00
1.860758549814726992e+00
1.872911420446928377e+00
1.890587482890540016e+00
1.931390407416274435e+00
1.861536686542711205e+00
1.926697240136977296e+00
1.932019880017776803e+00
1.959326210251876033e+00
1.994057011028898430e+00
1.979629237821395549e+00
1.978378168236380796e+00
1.993766174454608020e+00
2.040046068113249067e+00
2.018169405936699246e+00
2.048350275836138046e+00
2.052610409419444615e+00
2.075479174290933315e+00
2.071391859292034621e+00
2.097526273169556088e+00
2.091942819689796007e+00
2.098603380257553219e+00
2.092588913541621576e+00
2.138847743916385102e+00
2.145106132768200169e+00
2.142888786107605803e+00
2.089303091854259886e+00
2.142833448202930313e+00
2.142239022978098095e+00
2.141154604158941765e+00
1.893320889920200756e+00
1.841176162167575070e+00
1.806386054827254339e+00
1.840373388710236480e+00
1.902646370170168799e+00
1.879736094884561615e+00
1.892843329370971217e+00
1.914848615988131497e+00
1.929191742079275906e+00
1.939830009884637052e+00
1.935769849698504741e+00
1.961580426574622393e+00
1.966410065900960902e+00
1.920373811711892698e+00
1.971421086019540692e+00
1.958566524234672812e+00
1.988033579035243914e+00
2.032506995894503454e+00
2.076052106430454458e+00
2.099203727725369006e+00
2.231961367506881011e+00
2.251897576399692902e+00
2.209128362102396270e+00
2.235779242481009010e+00
2.206588961237995861e+00
2.221403729337106281e+00
2.180343474287710581e+00
2.177946093943023964e+00
2.191493082804047976e+00
2.251285730159452214e+00
2.177973787268832506e+00
2.197331737769373294e+00
2.175630825277760305e+00
2.148207920511731039e+00
2.228561827570822551e+00
2.194687965022926512e+00
2.213555303407864550e+00
2.191841449514123408e+00
2.155747686245898187e+00
2.185369453664556705e+00
2.226416924216017001e+00
2.195170339634375800e+00
2.180282791382912588e+00
2.151553682708478465e+00
2.156344119066136322e+00
2.111679944902478123e+00
2.092849206948390162e+00
2.084724501544213737e+00
2.124083139854573865e+00
2.042806125268747941e+00
2.098061337181398756e+00
2.097207983395740438e+00
2.030688222709032154e+00
2.095357959817366389e+00
2.083657759534957687e+00
2.068057970768806264e+00
2.086995120247063795e+00
2.084650197290883966e+00
2.075338845852027436e+00
2.058215781080011464e+00
2.027407928491269828e+00
2.082095259161388601e+00
2.026226148762752199e+00
2.046466033236927107e+00
2.026795848866463245e+00
2.046973723660312494e+00
2.065737168501098342e+00
2.079300686451358349e+00
2.088038786871341035e+00
2.089692094798255795e+00
2.122900559102006479e+00
2.149653410945284726e+00
2.141876219040030449e+00
2.138871101276496933e+00
2.154490933063438085e+00
2.200703912221286362e+00
1.946115777968484784e+00
1.979546724978088035e+00
1.912669617493892860e+00
1.903198809762392862e+00
1.960138883974968049e+00
1.927806054345944320e+00
1.959613815957558458e+00
1.958480385665396062e+00
1.977090260612162087e+00
1.998905249494681291e+00
2.025514412640792017e+00
2.060689716756938683e+00
2.122269564286360044e+00
1.880393063328519965e+00
1.886258856075675894e+00
1.893974302491906458e+00
1.999086905417841065e+00
2.061642082406192067e+00
2.092958752739745076e+00
2.078216753620464985e+00
2.119247977316551790e+00
2.135968743058373143e+00
2.146228747788556213e+00
2.137798123343174428e+00
2.123261817465031065e+00
2.127903149865821852e+00
2.078224875281359907e+00
2.045815026993636376e+00
2.020583205997605880e+00
1.999629134816090392e+00
1.981625234490743015e+00
1.965830250182724948e+00
1.951779765204435080e+00
1.944528992282199997e+00
1.955612896534387080e+00
2.010356500385120260e+00
1.984082549549267993e+00
1.973793995621595077e+00
1.962285391037179139e+00
2.005444129175210755e+00
1.976011090859660868e+00
2.040518637231478749e+00
2.011199270615328771e+00
2.057371396185326606e+00
2.041740941627272043e+00
2.032578954940220672e+00
2.204473310599930791e+00
2.143027874542517086e+00
2.160841940205165734e+00
2.131493268084997617e+00
2.092478439673714163e+00
2.069214425883239450e+00
1.984048378086580078e+00
1.933328918635362381e+00
1.901219970043838359e+00
2.166596027055833762e+00
2.118138427197255425e+00
2.085961043415066385e+00
2.060794128696315841e+00
2.039853597569590171e+00
2.021845961964097604e+00
2.001902390189518766e+00
1.980311589767655978e+00
1.961859030910970469e+00
1.945723025993922883e+00
1.931398813759474864e+00
1.918549750420589950e+00
1.906937981605854038e+00
1.896388122525471953e+00
1.886766543510052019e+00
1.872273872040757681e+00
1.849550107356264794e+00
1.830383701123432072e+00
1.813745973806329959e+00
1.799036323837783113e+00
1.785867504311329901e+00
1.773972410766214924e+00
1.763157574384084159e+00
1.753277574765339075e+00
1.744219897557090837e+00
1.735895451071346907e+00
1.728232351537945632e+00
1.721171696326629696e+00
1.714664598861173062e+00
1.708670053484986795e+00
1.703153363235456741e+00
1.698084959655071113e+00
1.692629592411053929e+00
1.667271166084602907e+00
1.680881164450475529e+00
1.688367358074781555e+00
1.692168551746358496e+00
1.696350367573719709e+00
1.700931235505724892e+00
1.705932503768456732e+00
1.711378967286782737e+00
2.251047273264271897e+00
2.196321115324788131e+00
2.052462817856494759e+00
2.013715277274911841e+00
1.858605602453645922e+00
1.814816527502869592e+00
1.765207821327247517e+00
1.775882953760299143e+00
1.787615882154460323e+00
1.800591941553136621e+00
1.815065462880548486e+00
1.822895839828464482e+00
1.829239920907419048e+00
1.836157191415517254e+00
1.843695755546958415e+00
1.851913526868834481e+00
1.860881061675549564e+00
1.870685573682024705e+00
1.881436794019565095e+00
1.893275834201919139e+00
1.906389183448482072e+00
1.921032035620310774e+00
1.937569929121297552e+00
1.956560174719127909e+00
1.978932806970963520e+00
2.006479454544936925e+00
2.043731816448418392e+00
2.123851802235016795e+00
1.377154188449250860e+00
1.348557303487615266e+00
1.326722171061280875e+00
1.308674629731636729e+00
1.293149690354045145e+00
1.279467632018536083e+00
1.320556343422149892e+00
1.277419622127709209e+00
1.284678476412625114e+00
1.290659420508454946e+00
1.294991663564370787e+00
1.297085281246138200e+00
1.307177342152597843e+00
1.342683477764428757e+00
1.330238987352694968e+00
1.328069024276547605e+00
1.304925063216702874e+00
1.339188031769841247e+00
1.330468699079301542e+00
1.412960166246728377e+00
1.339639385769046509e+00
1.309007447256040235e+00
1.286346013106680619e+00
1.267860423640239098e+00
1.252071596777135420e+00
1.252293660700019906e+00
1.258967519251996237e+00
1.268421693062548483e+00
1.237471001123814363e+00
1.248508057608477051e+00
1.272660860464114307e+00
1.215076810703156429e+00
1.223292118872339129e+00
1.225275592276064085e+00
1.238539710312009934e+00
1.152839601641667988e+00
1.127104658225450917e+00
1.095358701199856899e+00
1.073100029049780302e+00
1.111904672801074412e+00
1.080273209477744301e+00
1.058129258459084454e+00
1.106534248466174208e+00
1.076826364765538946e+00
1.055438328413229598e+00
1.038157216914858294e+00
1.023458832395860885e+00
1.010583492188723120e+00
1.101153960098440798e+00
1.073213509919599407e+00
1.115525477410652222e+00
1.082368766280005223e+00
1.059673681260434819e+00
1.102035440934310495e+00
1.073837432848727680e+00
1.053090586529542794e+00
1.036187478021266983e+00
1.021746338362289119e+00
1.009061010341848030e+00
9.977124445319404122e-01
1.133998375873224607e+00
1.092312572905731693e+00
1.067194900445176176e+00
1.047893485085217513e+00
1.146606368507420370e+00
1.097608657776907526e+00
1.071154188914466898e+00
1.095457062014625560e+00
1.069732679511423923e+00
1.050127602476072841e+00
1.033917719834060778e+00
1.019955125823974296e+00
1.007626089962834204e+00
9.965564304316768540e-01
9.864978718315223771e-01
1.054617056333577940e+00
1.037889077727527365e+00
1.023564888864122224e+00
1.042327026684886748e+00
1.027472047168755287e+00
1.014478993292732056e+00
1.033844922102799213e+00
1.020138961767269148e+00
1.008002334141565592e+00
1.024059860112632725e+00
1.011543821873225113e+00
1.000325621285746758e+00
9.901450786232868229e-01
9.808201191109959804e-01
9.722173786948935525e-01
1.005756779833560044e+00
9.951848681265843544e-01
1.003898828797392451e+00
1.126449951173500219e+00
1.091935058700928218e+00
1.068738434929839221e+00
1.111265446189050987e+00
1.082740509275480933e+00
1.061818119866533516e+00
1.044793308116771291e+00
1.030258476852101257e+00
1.017496894070404334e+00
1.006084142152914751e+00
9.957440719960396480e-01
9.862849593763920453e-01
