2.927373707781087964e-01
1.399999999688968932e+00
3.920042325409331951e+00
5.264807285241321910e-01
3.141592653589793116e+00
2.090516819019200501e+00
2.043598353351787189e+00
2.012184677440948199e+00
2.097920277405034728e+00
2.047477545060006232e+00
2.014962986185936167e+00
1.989724473518841297e+00
2.065769526214940921e+00
2.027783418155334250e+00
1.999857586703644108e+00
2.086996899989661980e+00
2.040957894862236888e+00
2.009846948763824415e+00
2.094017528928376670e+00
2.044657240570531442e+00
2.012472341986841329e+00
2.144379964774047131e+00
2.062551972700375824e+00
2.025054397390694927e+00
1.997354332491346307e+00
2.083176925059793128e+00
2.037949409718180060e+00
2.007127584870556092e+00
2.118295674237780979e+00
2.054651469427327903e+00
2.019149244499641060e+00
1.992394159813862808e+00
2.073352526094004666e+00
2.031365758267094535e+00
2.001760266751810846e+00
2.079165567516319868e+00
2.034644427447385606e+00
2.004082679425658764e+00
2.112782413896510114e+00
2.051068347896563893e+00
2.015921196695154016e+00
1.989344578304780509e+00
2.069405313118771961e+00
2.027936476228622276e+00
1.998544423592917285e+00
2.075064577984734537e+00
2.031113356433781103e+00
2.000768357692112698e+00
2.107624655595030205e+00
2.047322077022617925e+00
2.012458725071205823e+00
1.986027653088235034e+00
2.065399973966843383e+00
2.024320230107140350e+00
1.995093507719572390e+00
2.093105789430177666e+00
2.039637139320197079e+00
2.006334084824915820e+00
1.980698795887160468e+00
2.056404282115244619e+00
2.017669898946075513e+00
1.989439303890590427e+00
2.061430774696932477e+00
2.020585405107182098e+00
1.991463381729480897e+00
2.088922530911915931e+00
2.035819456401277705e+00
2.002627241193200014e+00
1.977055517903303139e+00
2.052537881789028074e+00
2.013902692339303080e+00
1.985724410588616040e+00
2.057596102725929299e+00
2.016802119779660618e+00
1.987711277873466909e+00
2.085199514884323424e+00
2.032036794744364716e+00
1.998845979981282772e+00
1.973281550550624708e+00
2.048835813752324597e+00
2.010123275340685023e+00
1.981920775404200752e+00
2.073670346857013680e+00
2.024703770808305769e+00
1.992714925214618793e+00
2.117251546002291818e+00
2.040588576086344030e+00
2.003607217343060132e+00
1.976190538233670857e+00
2.045406773356496455e+00
2.006405837249926272e+00
1.978088495343742759e+00
2.070850433429622939e+00
2.021137894188008488e+00
1.988941304029486767e+00
2.120589998269741816e+00
2.037325463035000173e+00
1.999947533494222496e+00
1.972359086241296078e+00
2.060856520574451789e+00
2.014177180664324940e+00
1.982947029760931956e+00
2.097869776750858506e+00
2.029686140162195951e+00
1.993663497477024871e+00
1.966713423675283900e+00
2.034502638465871094e+00
1.996470801008916496e+00
1.968599005717137640e+00
2.059138410276661002e+00
2.011022114923833204e+00
1.979345979868202487e+00
2.102494186913947960e+00
2.027085194300737747e+00
1.990304998660405555e+00
1.963010385418805903e+00
2.032283272837354549e+00
1.993270782954988718e+00
1.964981911764344336e+00
2.058618158501046125e+00
2.008287769180773008e+00
1.975965196105488486e+00
1.950892137041846386e+00
2.025144080056260787e+00
1.987270493580795216e+00
1.959490739914148349e+00
2.050161027318689655e+00
2.001986627224114912e+00
1.970327163835619011e+00
2.096985578585281562e+00
2.018447415815526114e+00
1.981489289345840898e+00
1.954133480654471899e+00
2.024093411016677724e+00
1.984675988018906878e+00
1.956238357855228038e+00
2.051799713263198210e+00
2.000112582800452454e+00
1.967449922627406034e+00
1.942213436889727918e+00
2.017823373808853127e+00
1.979167135786779941e+00
1.951066611016597285e+00
2.013634641730540409e+00
1.975735159011327902e+00
2.081276060777137005e+00
2.007230231756847783e+00
1.970712055564260101e+00
2.030617129153609923e+00
1.984520722260447068e+00
2.039140885963634187e+00
1.987978067956660322e+00
2.019956043349813157e+00
2.051068936198140680e+00
1.989889210768546413e+00
2.017081304530906838e+00
2.074718791417436314e+00
1.991029533581671895e+00
2.011531336334518194e+00
1.965831038788713014e+00
1.987667642302719528e+00
2.017770865028143401e+00
1.966138263016363963e+00
1.990503770128664307e+00
2.028900515231504720e+00
1.967245060781003918e+00
1.985687089424639007e+00
2.032361502588316160e+00
1.964275114363047248e+00
1.991148431097520710e+00
2.033888612699227938e+00
1.959542139785306336e+00
1.990763824006259952e+00
1.941225173711142782e+00
1.962978708179448306e+00
2.002910027248516300e+00
1.943061157423463525e+00
1.968466723560829967e+00
2.004043382198305689e+00
1.938974279207962947e+00
1.968701773041408698e+00
1.943098801776679929e+00
1.942837328856765300e+00
1.967334193409848941e+00
1.917509444572931931e+00
1.942290838625990501e+00
1.983347181990545272e+00
1.920462637221836744e+00
1.950131409493248924e+00
1.917265283568558409e+00
1.925060650663469097e+00
1.942813216598548776e+00
1.954410107198812030e+00
1.982273682190124786e+00
1.908405523437628037e+00
1.870044059551932980e+00
1.842359001331383084e+00
1.833380779931075955e+00
1.811150156679186329e+00
1.823179413146494898e+00
1.831293547767780971e+00
1.809288492462636899e+00
1.818924354340582417e+00
1.829472389726133574e+00
1.810367676123416869e+00
1.820358914715980880e+00
1.831312036132738852e+00
1.815333604552966440e+00
1.826035952927966388e+00
1.795698196336091845e+00
1.805118540846164743e+00
1.815419293678864010e+00
1.805156674489514446e+00
1.815737158845500021e+00
1.786883317582514952e+00
1.796346482579977533e+00
1.806693772196087178e+00
1.796277489612718492e+00
1.822278425766974408e+00
1.776242207748112589e+00
1.799317526963712499e+00
1.795811860034869367e+00
1.784915505212093523e+00
1.795407668064345819e+00
1.786407419493733606e+00
1.776067423619476893e+00
1.786285508391933785e+00
1.808311720629703911e+00
1.767765371191917234e+00
1.776613651720978071e+00
1.758925768885187590e+00
1.755644370715326197e+00
1.765201550166080491e+00
1.786589635449583602e+00
1.764754915204926222e+00
1.756171455711148299e+00
1.787533312670246621e+00
1.754782473632687578e+00
1.744486785940727813e+00
1.754202973623184558e+00
1.743166548629693446e+00
1.753103197300086569e+00
1.743996397765308570e+00
1.733646030533620985e+00
1.743280079608885647e+00
1.732172492308406309e+00
1.742014878913719977e+00
1.731273198310819383e+00
1.741321884652394347e+00
1.729814055560901842e+00
1.721842482489072346e+00
1.731660296994286030e+00
1.712121374423284159e+00
1.721688458951477596e+00
1.722905808376658632e+00
1.649339215473558218e+00
1.660009465076924373e+00
1.638522933606272769e+00
1.647541915460045248e+00
1.624123804796518300e+00
1.637147606546452305e+00
1.612854277775364498e+00
1.625002827469066879e+00
1.603029192358230937e+00
1.620831086271164567e+00
1.591577553347785612e+00
1.574271198924755089e+00
1.582467756069883436e+00
1.560641791683443635e+00
1.568385938111788169e+00
1.561226542491154223e+00
1.569692201643763108e+00
1.526830038316852489e+00
1.524027227753349090e+00
1.529834992579781838e+00
1.536091271454198770e+00
1.542831971060066198e+00
1.550099562104017448e+00
1.557944793318465138e+00
1.566429041696444369e+00
1.542027347124625969e+00
1.549358929681998065e+00
1.557274299921124427e+00
1.565836245842110230e+00
1.543429054902232700e+00
1.551040988661503528e+00
1.559265627619846217e+00
1.542261107004452958e+00
1.549938847319349389e+00
1.558235991737148884e+00
1.541284228498962072e+00
1.549058512771941398e+00
1.557462342616423134e+00
1.542394459041790622e+00
1.550489201672211159e+00
1.540214121112258860e+00
1.548336565879462334e+00
1.539272046857093512e+00
1.547522752620877018e+00
1.540599645131752293e+00
1.528436894094284737e+00
1.536504895530190318e+00
1.539543808483676779e+00
1.438529805136906425e+00
1.446065174636028239e+00
1.454185116842536152e+00
1.426745363427632363e+00
1.433528367813589943e+00
1.440818437930257101e+00
1.448666431539595845e+00
1.443494817111127926e+00
1.451614834715519109e+00
1.447900573030391991e+00
1.446894892010540223e+00
1.444147317176697420e+00
1.443388065539734644e+00
1.442422562656159979e+00
1.441121812499652100e+00
1.439814981839506292e+00
1.434160931437667097e+00
1.433359200061285144e+00
1.432018422720406248e+00
1.431001461100961603e+00
1.424935331524158633e+00
1.428036486155039420e+00
1.435947287137963491e+00
1.450001911706383817e+00
1.836777867191610403e+00
1.832307259259447152e+00
1.824866436866802832e+00
1.820796493773723101e+00
1.867080673971863058e+00
1.851784234972178700e+00
1.847672466962011928e+00
1.860423282504398701e+00
1.775853893948691642e+00
1.740654925020340915e+00
1.714685688305824796e+00
1.693575901728064048e+00
1.647160188737059272e+00
1.654565059981272457e+00
1.664973221102089118e+00
1.622429641975115189e+00
1.624696860179003055e+00
1.630495793007893823e+00
1.637051602869626477e+00
1.635150687971798300e+00
1.632787082683329505e+00
1.636331167913342322e+00
1.644513749067384900e+00
1.638796144869849147e+00
1.638925431570458890e+00
1.586524528740317574e+00
1.586794895704644048e+00
1.588533366441140071e+00
1.595937207167146710e+00
1.603942360403884937e+00
1.612613502963989198e+00
1.622030266697959799e+00
1.632292463072967603e+00
1.643527950745274691e+00
1.655904995534650759e+00
1.669652733106435694e+00
1.685097383606926069e+00
1.702732246312143705e+00
1.723370620421263988e+00
1.748547751927576499e+00
1.781982298590428782e+00
1.843094105199964083e+00
1.826354077548216326e+00
1.800810976840860000e+00
1.676406283604942704e+00
1.692766723877221269e+00
1.711630895528309271e+00
1.734060249394345554e+00
1.762249595362033405e+00
1.802746039615086060e+00
1.721003480598582103e+00
1.745585258292080111e+00
1.777805832537297848e+00
1.832263107214783915e+00
1.770968008070531896e+00
1.817996307431575920e+00
1.720090791199758717e+00
1.744449036878645387e+00
1.776226021474001548e+00
1.828686472497453641e+00
1.828517141086472453e+00
1.649721579170697616e+00
1.662768111358402301e+00
1.677337265880170847e+00
1.693828799392969708e+00
1.712871933957005099e+00
1.735569235087458306e+00
1.764233552626810031e+00
1.806027159818508698e+00
1.817127782999688357e+00
1.780686657138086604e+00
1.839459122161716476e+00
1.840637461770036731e+00
1.660827239065900907e+00
1.675159179781132712e+00
1.691345920787272084e+00
1.709974150337328469e+00
1.732053158695338713e+00
1.759631651517594486e+00
1.798546085748430778e+00
1.761338999422188412e+00
1.801269467024102955e+00
1.681367368732303413e+00
1.698441016339962584e+00
1.718288428381826938e+00
1.742214618348574051e+00
1.773151860637789845e+00
1.822249117188408318e+00
1.832069260119480791e+00
1.512602474174033151e+00
1.456883415860591446e+00
1.494920215834920407e+00
1.506250421152711905e+00
1.453479172464738234e+00
1.480883073483962420e+00
1.500936428316512083e+00
1.452546922482771397e+00
1.483261667019684316e+00
1.485979082046813060e+00
1.534205509916386712e+00
1.472787764089958706e+00
1.475636416131959505e+00
1.534593583255713822e+00
1.473200562539791925e+00
1.472760820303310236e+00
1.536993764014080721e+00
1.474052822650754102e+00
1.470227386751609355e+00
1.510913951912211672e+00
1.464755348257300804e+00
1.480995392758869045e+00
1.511031714273388893e+00
1.481352029412488225e+00
1.462761723136038805e+00
1.512090477813040623e+00
1.465663565335554086e+00
1.437021135488966594e+00
1.417249213401990060e+00
1.396607801845171082e+00
1.380812776700677924e+00
1.512920425513103240e+00
1.466374272863106842e+00
1.437699078602284741e+00
1.496672831506193235e+00
1.457854526136412421e+00
1.431441995314301829e+00
1.496501151560917675e+00
1.457871646175947111e+00
1.431523253610913704e+00
1.410657042815852247e+00
1.393119392519259092e+00
1.377891471199322426e+00
1.496760067425616292e+00
1.458219675278685568e+00
1.431900273850796435e+00
1.497212972421495980e+00
1.458566947952381510e+00
1.432209907487979050e+00
1.484491533362135574e+00
1.450693475852624204e+00
1.426198602039590035e+00
1.484129110538682017e+00
1.450523216282798566e+00
1.426109153909262961e+00
1.484403619897376236e+00
1.450756506720648709e+00
1.527645541492493209e+00
1.473671407976205661e+00
1.443459583496653709e+00
1.526261819954148891e+00
1.473253243011068081e+00
1.443207464630821502e+00
1.526462435084628977e+00
1.473399886318376817e+00
1.443343746304601050e+00
1.420545661177239793e+00
1.401765853039621756e+00
1.395120642142643641e+00
1.525030921534097361e+00
1.472972746499141561e+00
1.443097915704144807e+00
1.420387807703042293e+00
1.401662613423783510e+00
1.394304611171854225e+00
1.504012590125423099e+00
1.463004388004999434e+00
1.435859748193131669e+00
1.503952513810863589e+00
1.462989380400988804e+00
1.435858740617305784e+00
1.414560504371696892e+00
1.416346622582798753e+00
1.432862618444400216e+00
1.417547525192557556e+00
1.388900602777308313e+00
1.351643232546369644e+00
1.334077676360478470e+00
1.324715932786261430e+00
1.316061788006765987e+00
1.498561439712066568e+00
1.459919186808922964e+00
1.433557590100554613e+00
1.490170174565687677e+00
1.454778360157503281e+00
1.429626396684090306e+00
1.409433315348838089e+00
1.392343018697410395e+00
1.377440999140687516e+00
1.546063363175717909e+00
1.479316474825538963e+00
1.447596249276723368e+00
1.424011638412640002e+00
1.404747231190204504e+00
1.388291924875942884e+00
1.538158956126631782e+00
1.477492329299493035e+00
1.446336929238329905e+00
1.423013500965268019e+00
1.403908484041829663e+00
1.512641035460415617e+00
1.467573064072006161e+00
1.439258148790543146e+00
1.513204336791860172e+00
1.467850714855609029e+00
1.439461255781906424e+00
1.417497990194816371e+00
1.399244638756438341e+00
1.383500076296806824e+00
1.369605962057492965e+00
1.357154611561124824e+00
1.497693023849544502e+00
1.459405506869573710e+00
1.433168238422485974e+00
1.412359761614614850e+00
1.484215755002850079e+00
1.450906677652742394e+00
1.426616502336282233e+00
1.507443199925796895e+00
1.464902616415941994e+00
1.437291100581755909e+00
1.415735314179652482e+00
1.397744194832365672e+00
1.481853514981416486e+00
1.449323922491251082e+00
1.425374575137174249e+00
1.405889807431577765e+00
1.497648713532663489e+00
1.459379183754594855e+00
1.433148268324382801e+00
1.554083821827829004e+00
1.480493085934619035e+00
1.448401001101413232e+00
1.424647430020283156e+00
1.405280621221676407e+00
1.506622518004757660e+00
1.464463678253276946e+00
1.436965473506977675e+00
1.415469970882746065e+00
1.397517925452204990e+00
1.381989080155204164e+00
1.368259793480908204e+00
1.494454882002532292e+00
1.457452092103629360e+00
1.431680630097966311e+00
1.411133528967136952e+00
1.393805669154702054e+00
1.378729392671334431e+00
1.365348813518503901e+00
1.355577873490849683e+00
1.518707596373495949e+00
1.470435546416577033e+00
1.441338948925100505e+00
1.419014901828448361e+00
1.484599342075701767e+00
1.451161261704454919e+00
1.426815655704862573e+00
1.550158044507768951e+00
1.480003708065332324e+00
1.448067015742272590e+00
1.424383762360839301e+00
1.540488516705236455e+00
1.478096702513731708e+00
1.446755716923949109e+00
1.423345863673676215e+00
1.404187957275581988e+00
1.387806564611747895e+00
1.373431098909549952e+00
1.360598202779507604e+00
1.531636187239221014e+00
1.475514256161997828e+00
1.444955747299802029e+00
1.421914350225985890e+00
1.518975934395702998e+00
1.470555478385582093e+00
1.441425483738206337e+00
1.419084621793557099e+00
1.400591192605148638e+00
1.481214839828314034e+00
1.448891662286386550e+00
1.425034277639371183e+00
1.412502387939504445e+00
1.419683740728956867e+00
1.427408128801095577e+00
1.435734710428109295e+00
1.444736037545589769e+00
1.454502662353138964e+00
1.465150028237157898e+00
1.531325679076513513e+00
1.483285747261601006e+00
1.485722969478767697e+00
1.488431591157236333e+00
1.491420251277999709e+00
1.494698829430936904e+00
1.498278602479663490e+00
1.502172434909930798e+00
1.506395011253324423e+00
1.510963121689597566e+00
1.515896015690687770e+00
1.521215843865204809e+00
1.532458731109485939e+00
1.533122912375756597e+00
1.539774808939929907e+00
1.546945088122554157e+00
1.554682863996325271e+00
1.563047400065947556e+00
1.572111210947099602e+00
1.580802824351913660e+00
1.588251393716533677e+00
1.596303988231259074e+00
1.605026251880301125e+00
1.614499116368544485e+00
1.624824190972722571e+00
1.636131905967943112e+00
1.648594358076493682e+00
1.662446685599186180e+00
1.678025148419214574e+00
1.695841387514567034e+00
1.716746761105075958e+00
1.742373259546310171e+00
1.776803404891155624e+00
1.814020652867216032e+00
1.814426425462495995e+00
1.815173895366199996e+00
1.816265813554799546e+00
1.817706242300928698e+00
1.819500620864288765e+00
1.821655855714438887e+00
1.824180438856487951e+00
1.827084599152992483e+00
1.830380493236650974e+00
1.834082444853127214e+00
1.838207244500306370e+00
1.842774525392758322e+00
1.847807237612992370e+00
1.853332250641572365e+00
1.859381126594368716e+00
1.865991124559284842e+00
1.873206523950185609e+00
1.881080397850275920e+00
1.889677036675601940e+00
1.899075338041062988e+00
1.909373678830444732e+00
1.920697148113952757e+00
1.933208713007140700e+00
1.947127304609699960e+00
1.962758940282899545e+00
1.980554664342593307e+00
2.001230608423639534e+00
2.026058723782366844e+00
2.053528736433094526e+00
2.052638592465618306e+00
2.052176754589113639e+00
2.052141178291627011e+00
2.052531706530584366e+00
2.053350066719593414e+00
2.054599903989752896e+00
2.056286852224013195e+00
2.058418646119478890e+00
2.061005279561607395e+00
2.064059218082164193e+00
2.067595676370523883e+00
2.071632976071397625e+00
2.076193004958004629e+00
2.081301806820178957e+00
2.086990343308923190e+00
2.093295486554036522e+00
2.100261327962682056e+00
2.107940929911398253e+00
2.116398713098363249e+00
2.125713781487845733e+00
2.135984674118301285e+00
2.147336368946267449e+00
2.159930998177875150e+00
2.173985009226320209e+00
2.189798271072664004e+00
2.207807237103917686e+00
2.228692229532099223e+00
2.253627146996557418e+00
2.285007927991504317e+00
2.329761297483874394e+00
2.238360365055082291e+00
2.265825161421993084e+00
2.301863171942961639e+00
2.361843170121234792e+00
2.239638924313743118e+00
2.267797391070257795e+00
2.305230162326008969e+00
2.372207537912664144e+00
2.240791407732977358e+00
2.269579175688480444e+00
2.308328478748054025e+00
2.384753707538402878e+00
2.251728092748178423e+00
2.284126264540648599e+00
2.331634617745771187e+00
2.227048739832835800e+00
2.253095240576810987e+00
2.286464277015140212e+00
2.336833699330966851e+00
2.227810307849790394e+00
2.254339314996531396e+00
2.288603407361164077e+00
2.341885794411096455e+00
2.228526727489998471e+00
2.255610678600209695e+00
2.290933322626811819e+00
2.348108036268295784e+00
2.229193893871651788e+00
2.256777160993023834e+00
2.293080355000266746e+00
2.354450735090737101e+00
2.239229348823265742e+00
2.269944030663367140e+00
2.313114917573892093e+00
2.214914493573537868e+00
2.239851347639958856e+00
2.271262279909864734e+00
2.316189001674138659e+00
2.214531559958937024e+00
2.239715487276941808e+00
2.271560492707472623e+00
2.317638668905016353e+00
2.214366758684179981e+00
2.239973992584704199e+00
2.272574003516707020e+00
2.320762269372606657e+00
2.217174555690967885e+00
2.243887972706592127e+00
2.278530919596173820e+00
2.333298123723961837e+00
2.236760998517412169e+00
2.269642331869577312e+00
2.318688707643642211e+00
2.230059143012085077e+00
2.261669582605092099e+00
2.307191938420079858e+00
2.233674030835393065e+00
2.267333051149064804e+00
2.318838804258536168e+00
2.256544995384136332e+00
2.302203123819135389e+00
2.250140743870244098e+00
2.294065416747995467e+00
2.256971451068212176e+00
2.307816442434668325e+00
2.282338172566172219e+00
2.278172094830672734e+00
2.289221030667001777e+00
2.298065987092003493e+00
2.309842578852078887e+00
2.261136983660017030e+00
2.267367444510119956e+00
2.275193409885108320e+00
2.285464300328783782e+00
2.316743888931677819e+00
2.243360647080073988e+00
2.255662775746116289e+00
2.265520063192891786e+00
2.280371316798884163e+00
2.217446268884288862e+00
2.227915926136507796e+00
2.235250213229045269e+00
2.245286659421498854e+00
2.286710356756762597e+00
2.198593565880762490e+00
2.203758484083643054e+00
2.210559460056384040e+00
2.218998219933999039e+00
2.192679282319006440e+00
2.155137022863018892e+00
2.220902614462526792e+00
2.160851813928529097e+00
2.107771931183478387e+00
2.142352509127881000e+00
2.199137427687493318e+00
2.115658503039050231e+00
2.154856764534249347e+00
2.091688967254111908e+00
2.122737120784428999e+00
2.167838325329070948e+00
2.097342174314004826e+00
2.131293855997622444e+00
2.185727651679380212e+00
2.111613344433041828e+00
2.153331355302330774e+00
2.086468781284530394e+00
2.118703295667558884e+00
2.167333365094614717e+00
2.092059204403653005e+00
2.127402788301741676e+00
2.188027361363867218e+00
2.106548581651233043e+00
2.150573455575597759e+00
2.080340400228357201e+00
2.113545688237970399e+00
2.165480944356894533e+00
2.085800767316836168e+00
2.122261389780692120e+00
2.189519975477824509e+00
2.091105979345392107e+00
2.131722510548827998e+00
2.066291731917577312e+00
2.097732122992328030e+00
2.144175632772083784e+00
2.078508444871348004e+00
2.115715551768782898e+00
2.189226572474868071e+00
2.083511659271348293e+00
2.124915348779537805e+00
2.058156674750658333e+00
2.089872218769738943e+00
2.137214506094704092e+00
2.070147582234607153e+00
2.107654547422631808e+00
2.184912404488468685e+00
2.074763917865903196e+00
2.116343366747150068e+00
2.049073987767449090e+00
2.080754391625536215e+00
2.128086406035396116e+00
2.052407631986557845e+00
2.086495212484113626e+00
2.142281921840310854e+00
2.056903292687548124e+00
2.094033084011213575e+00
2.168199112388751182e+00
2.070395151735657802e+00
2.116794491429206726e+00
2.041968603652196901e+00
2.075506438112061591e+00
2.129272395035228360e+00
2.046045193425316100e+00
2.082355011886237062e+00
2.150234273000000140e+00
2.058858954827671450e+00
2.103540399517895398e+00
2.030611591814761585e+00
2.063269597874449079e+00
2.113990137664995217e+00
2.034231554643796347e+00
2.069339578881757902e+00
2.130308564544307171e+00
2.037091014418416002e+00
2.074928683368916005e+00
2.162058895594977770e+00
2.041650858208464037e+00
2.083364106565893881e+00
2.028593126295303417e+00
2.065229019970281854e+00
2.136561188402020139e+00
2.052241967482498541e+00
2.108189998663830167e+00
2.055138680830149944e+00
2.120548661124631806e+00
2.074967717863220873e+00
2.038369606642985055e+00
2.091287244837884973e+00
2.048670750715603450e+00
2.127007428052760218e+00
2.059449187569103223e+00
2.025294561031181217e+00
2.076235489351911045e+00
2.041399659734134175e+00
2.008616574865476068e+00
2.052433081787629732e+00
2.016759843177641010e+00
2.070127502682729048e+00
2.033075894162536201e+00
1.999285429982457618e+00
2.044134314256603524e+00
2.007311137485476848e+00
2.062292627825244029e+00
2.014839537403304348e+00
2.093576219858194865e+00
2.026249801782946669e+00
1.996913275390504783e+00
2.052391414549424198e+00
2.004074159288096180e+00
2.083418576266882205e+00
2.015063550881925014e+00
1.985565315324868019e+00
2.040300961691822845e+00
1.992227421432418488e+00
2.067128816098825705e+00
2.002580074868954174e+00
1.966093985347441064e+00
2.013005383934296066e+00
1.973421496467610448e+00
2.031199540582641294e+00
1.988859572016236088e+00
1.947560022635810295e+00
1.988766146225486420e+00
1.939571147096179171e+00
1.978012913093587954e+00
1.929560081859859944e+00
1.964943189476781926e+00
2.031416074543002548e+00
1.954595740030224293e+00
2.009375643842632009e+00
1.951670118965703971e+00
2.006469031925172786e+00
1.939847409104332732e+00
1.986608675342752761e+00
1.930355533826446424e+00
1.972468898815487925e+00
2.125565517247741898e+00
2.084186225565111794e+00
2.070607213152108272e+00
2.083406612440560579e+00
2.143587907353344590e+00
2.060266656767977711e+00
2.129375862370846750e+00
2.058307270093914010e+00
2.021746876284508332e+00
2.073451338730545768e+00
2.032269759797428410e+00
2.099786336509349205e+00
2.047871737568637940e+00
2.014942839006191200e+00
2.100133308833864731e+00
2.048441499745789152e+00
2.015571186159856865e+00
2.146454086096939218e+00
2.065069037882706571e+00
2.027578079459980032e+00
1.999875285868114361e+00
2.084895414335730113e+00
2.040513861177494448e+00
2.009983265086964010e+00
1.985832119022425291e+00
2.075945550020893204e+00
2.035088994234226512e+00
2.005922788553812453e+00
1.982556472040144735e+00
2.070868320361830772e+00
2.031874807728499821e+00
2.003497115922304062e+00
2.072529979832431035e+00
2.033020131517665252e+00
2.004418502837480354e+00
1.981385474485759968e+00
2.107012556292676031e+00
2.098660258518624477e+00
2.048706814935299381e+00
2.016329839328423468e+00
1.991162002482970816e+00
1.970271906342748736e+00
1.952324920867772873e+00
1.936577982867071945e+00
1.922566375666093563e+00
1.909976336281963061e+00
2.085394543957758362e+00
2.073028670468432644e+00
2.033359822584965837e+00
2.004690002216133138e+00
1.981616339579770347e+00
1.962129071634958422e+00
1.945213141039755955e+00
1.930269980217206083e+00
2.083402835940059816e+00
2.083079844721021701e+00
2.039750515156256050e+00
2.009607886816488165e+00
1.985675854961723941e+00
1.965604769542875108e+00
2.133901431521824765e+00
2.063364523144923801e+00
2.026833158242777877e+00
1.999573643716774374e+00
2.132682733125558006e+00
2.063013571474425323e+00
2.026589763633294794e+00
2.126728907362051224e+00
2.061123726927352795e+00
2.025271860285268399e+00
1.998336618050960301e+00
2.091114681803345032e+00
2.044526040514653253e+00
2.013218155694604494e+00
2.148411475365362922e+00
2.066556776197766343e+00
2.029027197015937922e+00
2.001303625863592117e+00
2.099846233026144038e+00
2.049335041621117792e+00
2.117018774934493308e+00
2.057447367322880805e+00
2.022674110246757362e+00
1.996267762179968042e+00
1.974582300153814307e+00
1.956065120911372857e+00
1.939880969332498983e+00
1.925518459773746471e+00
2.115927992761634790e+00
2.056990812056524121e+00
2.078627387406777771e+00
2.036973349565897706e+00
2.007482478158317374e+00
1.983925966258724305e+00
1.964108781948407545e+00
1.946947468992911157e+00
2.071316945404289012e+00
2.032229549201677976e+00
2.003810504793330338e+00
2.073348165097911977e+00
2.033575729324706316e+00
2.004861681252966488e+00
2.084874005963812671e+00
2.040868107951633093e+00
2.010472429626102286e+00
2.137404083318542369e+00
2.064395396708288200e+00
2.027583054061142143e+00
2.000191180975652738e+00
2.091632622212164172e+00
2.044911189897649084e+00
2.013557876498599519e+00
2.107357334647356417e+00
2.053263646394111408e+00
2.019741441015643790e+00
1.993970163723070455e+00
2.078429228699485876e+00
2.036973302208537007e+00
2.007561000230194459e+00
2.110107258974333266e+00
2.054633925900992697e+00
2.020768929219200594e+00
1.994820886215070477e+00
2.078233931796102940e+00
2.036881103767940182e+00
2.007510158354099516e+00
2.106628755499860173e+00
2.052987362122780990e+00
2.019580793098009863e+00
2.119139361164729785e+00
2.058541188394833021e+00
2.023561339362612621e+00
1.997051603122578012e+00
2.078653551110854814e+00
2.037095891167353123e+00
2.007642831217474111e+00
2.104514252513949302e+00
2.051788836016962936e+00
2.018625515354641298e+00
2.114291587262819405e+00
2.056254532057797846e+00
2.021804401944064189e+00
1.995560032221409097e+00
2.076560370689449986e+00
2.035551412292710083e+00
2.006322237211317638e+00
2.101467240578053008e+00
2.049880682462990933e+00
2.017033358411144395e+00
1.991616424971116794e+00
2.068606627775726459e+00
2.030112821398972311e+00
2.001956920164640774e+00
