-8.080461813263724307e-12
-1.085456932911179617e+00
-2.108123335555772471e+01
-2.242433764864142276e+01
-3.140005645429288617e+00
2.674066534020582142e-01
2.697263214805222242e-01
2.701718079785384030e-01
2.702226861096027055e-01
2.680115635692479903e-01
2.714110842227676068e-01
2.691709395100603253e-01
2.696834930905795957e-01
2.710773543793131846e-01
2.693769914358052908e-01
2.716520306516598260e-01
2.702936069326796753e-01
2.702700954131865840e-01
2.718220247684769997e-01
2.707392145786614024e-01
2.712398954056757794e-01
2.726161430367090022e-01
2.696795947036336738e-01
2.717456126772906932e-01
2.715932841254274921e-01
2.719341297965218729e-01
2.732735414328146817e-01
2.720706968670564829e-01
2.727127546838785110e-01
2.733675968748636165e-01
2.714903001612393174e-01
2.726915503578969946e-01
2.717057858998389031e-01
2.735324607029687161e-01
2.739252431548003797e-01
2.734492643345514118e-01
2.731590737294408155e-01
2.721160108295501145e-01
2.730994399624789848e-01
2.719276016107275984e-01
2.763613533773763842e-01
2.746550440387681147e-01
2.763403764042370869e-01
2.721191785450557954e-01
2.780886355564644030e-01
2.762198751986048029e-01
2.790813619689567204e-01
2.780074884543319857e-01
2.758933980737464098e-01
2.780369804171300974e-01
2.782250844997795070e-01
2.811006767531933903e-01
2.777781587878684899e-01
2.781363791118943163e-01
2.783988793761156266e-01
2.782173208212121995e-01
2.802889236449978005e-01
2.814980937941661820e-01
2.807126633659234871e-01
2.819732930514148861e-01
2.814346841377711184e-01
2.816416441967252160e-01
2.810102860057089869e-01
2.825310307904865814e-01
2.825289725523476014e-01
2.841271192090987774e-01
2.806801381481519031e-01
2.845208246911776762e-01
2.859277996220676021e-01
2.813807580575157785e-01
2.837619343552268969e-01
2.884497050928752082e-01
2.867901598473697744e-01
2.882257219421365257e-01
2.881894682963592191e-01
2.865462544894856745e-01
2.891404480675024979e-01
2.884949260697775020e-01
2.907464678127602009e-01
2.895584467750287883e-01
2.918373431118411188e-01
2.883920895815286767e-01
2.903145020164855095e-01
2.929829876000896172e-01
2.901605803267697237e-01
2.941467561736190173e-01
2.938371908998649862e-01
2.934665942188972032e-01
2.916645751685638110e-01
2.954404730477703800e-01
2.990902281786300132e-01
2.961487563241338994e-01
2.963017708864797983e-01
2.998328817379657951e-01
2.969179044913911047e-01
3.001142351856124768e-01
2.987500467716003860e-01
3.029160225898406833e-01
3.008117944883839101e-01
3.024823117744471768e-01
3.016322673945605048e-01
3.050572905031551096e-01
3.063264922640795973e-01
3.063710973335586063e-01
3.082826759636153047e-01
3.089017795867373128e-01
3.095822874711208761e-01
3.106262657905596858e-01
3.062015326895720091e-01
3.107815512736503138e-01
3.116851080996448919e-01
3.137441927666245745e-01
3.151937273404361028e-01
3.152594540058412109e-01
3.170788614981479014e-01
3.189779967216511136e-01
3.178014377319182127e-01
3.186396305343378033e-01
3.154339057382000155e-01
3.223469336856589207e-01
3.219716177600578932e-01
3.222732255639805254e-01
3.232773155210825200e-01
3.269315594006179104e-01
3.257219754276787782e-01
3.271619784819110865e-01
3.268104438320871274e-01
3.338609630720305033e-01
3.310606359997764203e-01
3.296766417930228066e-01
3.360861768955301088e-01
3.379408927039977972e-01
3.322034809021999768e-01
3.351105300511448837e-01
3.375709240668676725e-01
3.402666110259058851e-01
3.416281713205377990e-01
3.408991685803346994e-01
3.468404273464711918e-01
3.460140207114458799e-01
3.496771836123537813e-01
3.505470642388244240e-01
3.517455308673609893e-01
3.541499601417489873e-01
3.560136431965389980e-01
3.547593277411112966e-01
3.602653318157800766e-01
3.569146260109720137e-01
3.601535853307168966e-01
3.644026933419027836e-01
3.653830398094480847e-01
3.695022632157072828e-01
3.661507828981994117e-01
3.680278816172716794e-01
3.714278185230854845e-01
3.746477341377045245e-01
3.737159398670685806e-01
3.809829697615575994e-01
3.821481586961630872e-01
3.821945150756314025e-01
3.823770008228105088e-01
3.834690725997205729e-01
3.894498241869148725e-01
3.875928516051775907e-01
3.909630862786716010e-01
3.908595393886499236e-01
3.983056002214104274e-01
3.997005039715482155e-01
3.996711638828763791e-01
4.049193155383570275e-01
4.094936412069788978e-01
4.112765530637869094e-01
4.139785565480763041e-01
4.188611894796854807e-01
4.190632497250530997e-01
4.216164810626650272e-01
4.261480290930728110e-01
4.305858306203856900e-01
4.296122047428195811e-01
4.330372097643366835e-01
4.351075514627186225e-01
4.346020727457750032e-01
4.393150803112881864e-01
4.435328445126711094e-01
4.395318318504721766e-01
4.443594364311154732e-01
4.448118151979817969e-01
4.478340422494930806e-01
4.549854544253927879e-01
4.523451336616546858e-01
4.614794152564289931e-01
4.580142804931391920e-01
4.608531888618943029e-01
4.653482602310168859e-01
4.633415433664740957e-01
4.687307416004470872e-01
4.698732043125707913e-01
4.700085895103218725e-01
4.679026681901548024e-01
4.617426517559847232e-01
4.727841494806644951e-01
4.713098676727618952e-01
4.719265966578726768e-01
4.749592426636750075e-01
4.700134712195779829e-01
4.778234043598865166e-01
4.720757278956477232e-01
4.754892829850645986e-01
4.761240192044378094e-01
4.706893946832810816e-01
4.731551242810017044e-01
4.731139577697692222e-01
4.691428416854276917e-01
4.667882925800022065e-01
4.684106246134939755e-01
4.628024361362900185e-01
4.638161768274696728e-01
4.611849776641143150e-01
4.607192233442787277e-01
4.609793586635517193e-01
4.621242141314563234e-01
4.583988905319515972e-01
4.578842734735807940e-01
4.587820196863510169e-01
4.513983657830811236e-01
4.540759577453711837e-01
4.570901055881576025e-01
4.519139020851102861e-01
4.543080897919425931e-01
4.558096134063261973e-01
4.545511000053157891e-01
4.534433669488587837e-01
4.499772258412270132e-01
4.513212218501294060e-01
4.459582399997495950e-01
4.455441015613342826e-01
4.447216098519212735e-01
4.472275123106653205e-01
4.471656139668144792e-01
4.454116996597599076e-01
4.446270957992510264e-01
4.457183740781062165e-01
4.485608612623050995e-01
4.432012059324114128e-01
4.420575764272863806e-01
4.445780771090229733e-01
4.466402138194163762e-01
4.422619555029049798e-01
4.443103321001101724e-01
4.415230341863187746e-01
4.475923239782291785e-01
4.422358602432910901e-01
4.445639278140767203e-01
4.456248628445098059e-01
4.406960495230057839e-01
4.441475111193883829e-01
4.470433903812545129e-01
4.438585171201144264e-01
4.466122067683427899e-01
4.440110927618607928e-01
4.457971048628128763e-01
4.468995555998327984e-01
4.468625095804287795e-01
4.498930537269137941e-01
4.518596221560854942e-01
4.497577621574319062e-01
4.511680667739650930e-01
4.481661526751964941e-01
4.489411027767662987e-01
4.517145483992457966e-01
4.497695164986623140e-01
4.524265963117723999e-01
4.537475381711584821e-01
4.490641543887777254e-01
4.496126974008488042e-01
4.543123248220917731e-01
4.503307392846502832e-01
4.491020044699483016e-01
4.455221682196472965e-01
4.493216984769353162e-01
4.446617519610644997e-01
4.522785944155403026e-01
4.443138640248361915e-01
4.441027439203736882e-01
4.484870579123341749e-01
4.472558265278119838e-01
4.442781229025806189e-01
4.496168296424595812e-01
4.491343823763906951e-01
4.506498631823918077e-01
4.487441734445428154e-01
4.511554297318903783e-01
4.503447635200448773e-01
4.478393432401974739e-01
4.493689298072959803e-01
4.479928139775368745e-01
4.507926402288148782e-01
4.501677657675318134e-01
4.520648023026794804e-01
4.516335415697189104e-01
4.493627913150247122e-01
4.542771578650658948e-01
4.505909587986309806e-01
4.523988893220119989e-01
4.559059053312408127e-01
4.549752150782678806e-01
4.540431086534907901e-01
4.542803905783830976e-01
4.561212095655577947e-01
4.537014671736731009e-01
4.598868987800304731e-01
4.576915506480792040e-01
4.611484637869667225e-01
4.596891677649954100e-01
4.533341499210593040e-01
4.524256246445675922e-01
4.417281334600706155e-01
4.358143505960129227e-01
4.330042887353598990e-01
4.292725819306059121e-01
4.229495438587326794e-01
4.207833120591201737e-01
4.148330614860541998e-01
4.101386953666878998e-01
4.044087525309080222e-01
4.015897279687222765e-01
4.012104561804573089e-01
3.967510018103742042e-01
3.957389076235690029e-01
3.950179848674056915e-01
3.907263300405798834e-01
3.858017684854486151e-01
3.865643438255969011e-01
3.825231028111530929e-01
3.769153043481779930e-01
3.751838598633392974e-01
3.790753957539427788e-01
3.712886935505240737e-01
3.728626631511189893e-01
3.618650827382741131e-01
3.661887812883817817e-01
3.604938717742526277e-01
3.670646208336396099e-01
3.606202177083953075e-01
3.674411031011897144e-01
3.645028513007129156e-01
3.554444074215388216e-01
3.565277014605163775e-01
3.520635230993470755e-01
3.563786283462745952e-01
3.504536051822937925e-01
3.540122664917257911e-01
3.489664744223260895e-01
3.479667281185527816e-01
3.435408180493382813e-01
3.451257274936604946e-01
3.411316501551109881e-01
3.489628795315977139e-01
3.412604418662122940e-01
3.417557215404877780e-01
3.400901105829108872e-01
3.385156017684478047e-01
3.344823943333183891e-01
3.340921926729462088e-01
3.367111634005263143e-01
3.332188482426716170e-01
3.309084590334375742e-01
3.359719824707981806e-01
3.316531704642862177e-01
3.365142322796397800e-01
3.333337137722485743e-01
3.314978101058804749e-01
3.282004976675040875e-01
3.254015737322031865e-01
3.293274154069835147e-01
3.287631689122060274e-01
3.302422351350374763e-01
3.254546898702039837e-01
3.245011886584012739e-01
3.249601276089517099e-01
3.270642665850680975e-01
3.261042253335775798e-01
3.255665488509812966e-01
3.231697902035642889e-01
3.240171192538200962e-01
3.172715417154022277e-01
3.176425141626090798e-01
3.213762297331265172e-01
3.245007961234314120e-01
3.225677003695219813e-01
3.167259295261971030e-01
3.171966647686635943e-01
3.222468503859112765e-01
3.152732528672342882e-01
3.171263631354125923e-01
3.200325030544223792e-01
3.182834865549616921e-01
3.152004610127058237e-01
3.178230638423684140e-01
3.188303816520647871e-01
3.182032692273487062e-01
3.173118729964364837e-01
3.177302342920856892e-01
3.180407495385494943e-01
3.124187934316741133e-01
3.152354460734376196e-01
3.150950440145119935e-01
3.183610193528577104e-01
3.092207626161991851e-01
3.158674295003127130e-01
3.112818332661310139e-01
3.147832039531268111e-01
3.082166475100442948e-01
3.111029809610569852e-01
3.117707217354444005e-01
3.117141486444225951e-01
3.075003499016243924e-01
3.070299640422847753e-01
3.043984703240634748e-01
3.061054633521012036e-01
3.021013723128274098e-01
3.035188689217463986e-01
3.031317780621792801e-01
2.986848598306630076e-01
2.998355625403669733e-01
2.945839426921509907e-01
2.951197151575082889e-01
2.958170561060627923e-01
2.900633597916978945e-01
2.907056815063981947e-01
2.919755999597398177e-01
2.905418404309014768e-01
2.901657827904722819e-01
2.880691130990190030e-01
2.841920445590662148e-01
2.830259475377058798e-01
2.863021005268416852e-01
2.856217829236709083e-01
2.845977798939997028e-01
2.846784048602886141e-01
2.846483786035134966e-01
2.801375572500064970e-01
2.785274021905890240e-01
2.798088308681824787e-01
2.791138752847375781e-01
2.769170488506260130e-01
2.749662606988217961e-01
2.776778980903273908e-01
2.722769737413239244e-01
2.756411727385416066e-01
2.744140918984344091e-01
2.747724449742564024e-01
2.724336011365939836e-01
2.721355785289307216e-01
2.719263171021435999e-01
2.699483760140560795e-01
2.644374925430795775e-01
2.682359650698205034e-01
2.655869671185703274e-01
2.680901639119395163e-01
2.642638465266421988e-01
2.648238987077273787e-01
2.619727378860616240e-01
2.626446693277380007e-01
2.616486278130477072e-01
2.632510713224465726e-01
2.623618085731481142e-01
2.587595466535336786e-01
2.596038311134912235e-01
2.577823476659397151e-01
2.593050274184297010e-01
2.569188360243975788e-01
2.564615184916173019e-01
2.573537776187596049e-01
2.571340883021004942e-01
2.533233969207069891e-01
2.539397853036987063e-01
2.534472725110359925e-01
2.477578715820824007e-01
2.522921345628360013e-01
2.524599754970422993e-01
2.513476364781833117e-01
2.502278466907162935e-01
2.471656699094431087e-01
2.491503777337709113e-01
2.496918224436034950e-01
2.488006865525108080e-01
2.446295058427223890e-01
2.468099376421855895e-01
2.474157067970282897e-01
2.449489486310487962e-01
2.442459263144586001e-01
2.433995318471239011e-01
2.452360157610951885e-01
2.447359378882273118e-01
2.456895513881736104e-01
2.421142767399661055e-01
2.438890748606593051e-01
2.440080532697163906e-01
2.426007987535226951e-01
2.444240487067713963e-01
2.403667590893530936e-01
2.411745366955636016e-01
2.422193184072423955e-01
2.433434645035079946e-01
2.417660952238842031e-01
2.416916245079546999e-01
2.372447237613904136e-01
2.372379802720490927e-01
2.397874502907313132e-01
2.361443908945002057e-01
2.382765067834549111e-01
2.382345433795994005e-01
2.391123829641551013e-01
2.369646691929029048e-01
2.391972275544599902e-01
2.368774622463576951e-01
2.363650737163260074e-01
2.383530740094713107e-01
2.356751621257600904e-01
2.364910466160405900e-01
2.364050270164206047e-01
2.353424703104438076e-01
2.364059089633374078e-01
2.367864054895749970e-01
2.347096978536921952e-01
2.342566511377580929e-01
2.361682051938217008e-01
2.355053613684900127e-01
2.338348998914228927e-01
2.344362867138730100e-01
2.363702887158589949e-01
2.349602509192914024e-01
2.341018670441737948e-01
2.343998199695352114e-01
2.303323133252133115e-01
2.332630993370883865e-01
2.291541284273498902e-01
2.342692683292199873e-01
2.330596137470402895e-01
2.311074391589414134e-01
2.352968983333738051e-01
2.337326298405650871e-01
2.332019270999557137e-01
2.321519155285549918e-01
2.332012766227934963e-01
2.328294555110579922e-01
2.336233873436761865e-01
2.344355770798174088e-01
2.341287840095936934e-01
2.348532293013015915e-01
2.353266359341683878e-01
2.337846564321864884e-01
2.319205253428311131e-01
2.343463775566259899e-01
2.331841930713058064e-01
2.345944211679326097e-01
2.328056388239710950e-01
2.350193613931098047e-01
2.335686202099807041e-01
2.349340904293474031e-01
2.361624244695209041e-01
2.358912959075382121e-01
2.349917993411415884e-01
2.302735718036220125e-01
2.362802972142352964e-01
2.340718043431807005e-01
2.358223479682838020e-01
2.380890083826807946e-01
2.384242784433930895e-01
2.374205872092255976e-01
2.377548915356086923e-01
2.377299962959655011e-01
2.341827600555390076e-01
2.375309696499549039e-01
2.363749875202436901e-01
2.397944365634054054e-01
2.395882965773631079e-01
2.385413814772003871e-01
2.387950995650927888e-01
2.406618346487948978e-01
2.351218965433450880e-01
2.363825578368924929e-01
2.398682785581293941e-01
2.369111605771611062e-01
2.389069163356649927e-01
2.408045376626616885e-01
2.417615061666522069e-01
2.402811745869110893e-01
2.425589506558616937e-01
2.445117448866697130e-01
2.435096669851558870e-01
2.420385634501026895e-01
2.430621706535235071e-01
2.414976291591912072e-01
2.412026018064805932e-01
2.414422976376709995e-01
2.463309141365064014e-01
2.444745663185901030e-01
2.447390101617956948e-01
2.455661454751839889e-01
2.440792720100896096e-01
2.476446976834948965e-01
2.451215601965293089e-01
2.468485117798394080e-01
2.475817755275017129e-01
2.477267392542996105e-01
2.458448053942149936e-01
2.488711577271086051e-01
2.502360625443353914e-01
2.501325357610327815e-01
2.497826196410420085e-01
2.504871639864864052e-01
2.507669734522657845e-01
2.500838712630958915e-01
2.503188994434938919e-01
2.540638401115379863e-01
2.567167599666029254e-01
2.522443086485757768e-01
2.556472226870041831e-01
2.561890494488818781e-01
2.566581757897605787e-01
2.570095833958708775e-01
2.588242169593121811e-01
2.560226838020447926e-01
2.561493871565003744e-01
2.573389787397027950e-01
2.603478947805766275e-01
2.619188375283649783e-01
2.629082144498319229e-01
2.575042912490073110e-01
2.623929133998064156e-01
2.621213260270409129e-01
2.667682144619998863e-01
2.652960337241329070e-01
2.690651139245731072e-01
2.688565788264585255e-01
2.691581158671685903e-01
2.686950155284401065e-01
2.704563523402893077e-01
2.715077808223793077e-01
2.677040575754591756e-01
2.709457449129937801e-01
2.734765933196838805e-01
2.722914333406242782e-01
2.731162057893242734e-01
2.768749665978889052e-01
2.758961984190436145e-01
2.762979234285035113e-01
2.797276255421625724e-01
2.821405678850502086e-01
2.824554522916644106e-01
2.835764684503220834e-01
2.803656415473022023e-01
2.834558040543649904e-01
2.866190271541850243e-01
2.802262154790011728e-01
2.881950632649756816e-01
2.875248276451157770e-01
2.927369139212430138e-01
2.870422302470717058e-01
2.947745291926271993e-01
2.964061922492021162e-01
2.959065154591570823e-01
2.949587605743320129e-01
2.923092918861355805e-01
3.019787257044090900e-01
3.037961854376057258e-01
3.029520668901293234e-01
3.061387616291956770e-01
3.017982279504491938e-01
3.076333713351070975e-01
3.071633694669791970e-01
3.090627221518708057e-01
3.087194970379276149e-01
3.121468872428662111e-01
3.108683410808453784e-01
3.116032861455522163e-01
3.134882955031019769e-01
3.154747881696646217e-01
3.137338040569455089e-01
3.127027471091183841e-01
3.141143114638326739e-01
3.107544837039318830e-01
3.153672006858784238e-01
3.118282397480466872e-01
3.139426000043564202e-01
3.093630613163197984e-01
3.119000173199716897e-01
3.148315293127137982e-01
3.138231373416991987e-01
3.100197619608797139e-01
3.132208595275446927e-01
3.113081184525932077e-01
3.148863751032672242e-01
3.097430219858121059e-01
3.137188271294324982e-01
3.163042178114592873e-01
3.159346852588730825e-01
3.147984779294670798e-01
3.156870570557226974e-01
3.127878346900269113e-01
3.127032815775802055e-01
3.164767658018851071e-01
3.150983818776276757e-01
3.135755262714055025e-01
3.157414537186495895e-01
3.170656149365317922e-01
3.147066156998813979e-01
3.183325976013893777e-01
3.145414045637817124e-01
3.164080214098289878e-01
3.196692603605832961e-01
3.187725178081144972e-01
3.205345064097098184e-01
3.213316178672351864e-01
3.237061036032972128e-01
3.197457310589607027e-01
3.210932871567895863e-01
3.230064373128260780e-01
3.249073213201441046e-01
3.261780470369458063e-01
3.260359886154535758e-01
3.247163175323110051e-01
3.279774358154540770e-01
3.257407669709962983e-01
3.312208738097646155e-01
3.315076743341541787e-01
3.321745334477291256e-01
3.322690637909870848e-01
3.309002102374555276e-01
3.310045814524046892e-01
3.346372874733661851e-01
3.342066204131139973e-01
3.369391719094230742e-01
3.369056865674806001e-01
3.382832955355081772e-01
3.380834976572626993e-01
3.365224564014729913e-01
3.418014525805231907e-01
3.417005139215039122e-01
3.484558695671892137e-01
3.463944428995412994e-01
3.465455354897071238e-01
3.498465407368246960e-01
3.465720643913473009e-01
3.530857454396030826e-01
3.517868757764404108e-01
3.543702704883527899e-01
3.569367918540872764e-01
3.578507835763489187e-01
3.576604333633481847e-01
3.648423397017804271e-01
3.600393628098442211e-01
3.554710400131639858e-01
3.596084315934902076e-01
3.639554737743430080e-01
3.604646729717858045e-01
3.609438143634792762e-01
3.598982410843921120e-01
3.648136552245104247e-01
3.641186650287521753e-01
3.659649443019825088e-01
3.663324478692969732e-01
3.658051153810196743e-01
3.668428500138101733e-01
3.674690411968239978e-01
3.699625685734908020e-01
3.700141850027834911e-01
3.664050831349385251e-01
3.756870417330862022e-01
3.673485566766834243e-01
3.719166600568428738e-01
3.770621201779417730e-01
3.805234270869731761e-01
3.764398220170477871e-01
3.789798503929543982e-01
3.772255812746855841e-01
3.786922614855331992e-01
3.840138705152659759e-01
3.851317311791579989e-01
3.838832297880763744e-01
3.858091619817731188e-01
3.879288828435499825e-01
3.897035566773479065e-01
3.854446467533553800e-01
3.888853653332376981e-01
3.946118949212701899e-01
3.865854380181580896e-01
3.887346283497518096e-01
3.952345371104852845e-01
3.957722935035724032e-01
3.985508941053341747e-01
4.029669493772577993e-01
4.018412269082231036e-01
3.990583095590019003e-01
4.063703106519190866e-01
4.064550590608433933e-01
4.112629802871121121e-01
4.074808259714816083e-01
4.123228423966329159e-01
4.161878260731015078e-01
4.208952776159741727e-01
4.227897073902853742e-01
4.231641656159929044e-01
4.220468128582972045e-01
4.283140589753183791e-01
4.290197334706801202e-01
4.315486267600440740e-01
4.369348355117035898e-01
4.391314218626231058e-01
4.423642363545410849e-01
4.514447570048443770e-01
4.521871832320106255e-01
4.536715874095125223e-01
4.533059032063327942e-01
4.670741220394162840e-01
4.691705192768256816e-01
4.745495237184980120e-01
4.757435110396560085e-01
4.824874935070305737e-01
4.891273960454260994e-01
4.897702325175327109e-01
4.889029167517472962e-01
4.907792394393110103e-01
4.939923269714666110e-01
4.901884954055586996e-01
4.868256623965310226e-01
4.944439638411179949e-01
4.912872012078169925e-01
4.971877605249949150e-01
5.000088255396155645e-01
4.905670494352464828e-01
4.836540037546218085e-01
4.767159167517114882e-01
4.719626798018863867e-01
4.662353105428029831e-01
4.635127816646418819e-01
4.588317752519022741e-01
4.533626581238073827e-01
4.452460693509562861e-01
4.460722843054042985e-01
4.345785522164944958e-01
4.361467301055869106e-01
4.317299093979413138e-01
4.248277276421191240e-01
4.275623834960809999e-01
4.222237706607223084e-01
4.189503490288435938e-01
4.140752698812885102e-01
4.117972764727697021e-01
4.090212316945031068e-01
4.073789860276433861e-01
4.045633937034167071e-01
4.005370220278048898e-01
4.023961476074993104e-01
3.980413894657044982e-01
3.979001721220637999e-01
3.925329660372003926e-01
3.911275260242847995e-01
3.893872932632578276e-01
3.854388576550024093e-01
3.867860078262577161e-01
3.822672960254073771e-01
3.843937245634651001e-01
3.807580755365372882e-01
3.768092396224571039e-01
3.769305402979443165e-01
3.714902636584538898e-01
3.736899811001119787e-01
3.728539119088812859e-01
3.725071697110334812e-01
3.694499536455528865e-01
3.702328306001156921e-01
3.682418489020706787e-01
3.672991194483686272e-01
3.619547131797384854e-01
3.638779167779073176e-01
3.594116529523557202e-01
3.608497414804764936e-01
3.615714448468984044e-01
3.581569087574968946e-01
3.589184797490143075e-01
3.550297126854637941e-01
3.591186864778371235e-01
3.554899638370669912e-01
3.523932142200900119e-01
3.535188396068925099e-01
3.510926411303785244e-01
3.521586425993940006e-01
3.491367768479283762e-01
3.513465510431741934e-01
3.513541710699739085e-01
3.481001323525901858e-01
3.488225839078725188e-01
3.496204254819424984e-01
3.463080232937709169e-01
3.484753107984148723e-01
3.470762108660296885e-01
3.429083133937734784e-01
3.473582756292533102e-01
3.419996585369891040e-01
3.425719200364623074e-01
3.445543519165031876e-01
3.418763206867930782e-01
3.410981241926360763e-01
3.388627233307192066e-01
3.375410962441047769e-01
3.379775119791189053e-01
3.378742740681999757e-01
3.330254024104269961e-01
3.323162691719743767e-01
3.334816068178650950e-01
3.291108146075937824e-01
3.307304078994425800e-01
3.303531724612466802e-01
3.293822720053405928e-01
3.271603576966662930e-01
3.279307304275718149e-01
3.240839967285290002e-01
3.268637919788032198e-01
3.253043812281886105e-01
3.223536805343835132e-01
3.216259424264180100e-01
3.200507850820188960e-01
3.217141527960762915e-01
3.195248203683794808e-01
3.184520663568115029e-01
3.210452051678409080e-01
3.203624356596203038e-01
3.174717685281653878e-01
3.158996067001560992e-01
3.150312884044076944e-01
3.188231232368501922e-01
3.177665982690007218e-01
3.161037238662742221e-01
3.161005803175659934e-01
3.131375161705052812e-01
3.147271787634589035e-01
3.148949503032533737e-01
3.100173543185353875e-01
3.134671533820909128e-01
3.118757927273729802e-01
3.142115679144297791e-01
3.097858396769055944e-01
3.125106972396740068e-01
3.103499076223970032e-01
3.090690265454986152e-01
3.124027226111041888e-01
3.135898513989004988e-01
3.116492978666003943e-01
3.114861722242808217e-01
3.104745265427644729e-01
3.109684265350228793e-01
3.120598985354662847e-01
3.113366068366095751e-01
3.131052327952029146e-01
3.111126418477339062e-01
3.124991558967328831e-01
3.121360691049487879e-01
3.122739122445379878e-01
3.117692865514489209e-01
3.139219927710769076e-01
3.091263496153496826e-01
3.107983286946405244e-01
3.109214042811409007e-01
3.108470819338250979e-01
3.124892475819565085e-01
3.121543972033865022e-01
3.117876081040745762e-01
3.140369215738824105e-01
3.122145487859158131e-01
3.145188374009793009e-01
3.128678536892088857e-01
3.148375765258282777e-01
3.148208134499974054e-01
3.157654701243615136e-01
3.143403502616133882e-01
3.131837848196580842e-01
3.146372521336989192e-01
3.175902201236284195e-01
3.156387780064386916e-01
3.183286691434176752e-01
3.171992980596385903e-01
3.176378598981388079e-01
3.131739613017920920e-01
3.160402494636143089e-01
3.128608808088472748e-01
3.077157850293001928e-01
3.117738145495487778e-01
3.107027033510741942e-01
3.085181234740140277e-01
3.049514172695785841e-01
3.069565887823005879e-01
3.045481135414203067e-01
3.042325249377285101e-01
3.028696772201824872e-01
3.032025469605693080e-01
3.002208025857699969e-01
3.004463350694313029e-01
2.976374106047524060e-01
2.967305775728392159e-01
2.988133694195513890e-01
2.953739664539662968e-01
2.964062214234300940e-01
2.938077689732770947e-01
2.915229021668184761e-01
2.921037192447658026e-01
2.934000717137577041e-01
2.890005072413577847e-01
2.915391269430884780e-01
2.919472128166232805e-01
2.916967622653542924e-01
2.890555584232981090e-01
2.904968986487914129e-01
2.883236835623416150e-01
2.887321258372902988e-01
2.862494861816217151e-01
2.885052378793597216e-01
2.871400526323814040e-01
2.826982991063815009e-01
2.866516818317372817e-01
2.833281844346945966e-01
2.843781851049350107e-01
2.815414453244896031e-01
2.837022919349035943e-01
2.820327652666793083e-01
2.797635829177730904e-01
2.800704785210921810e-01
2.816697466580588838e-01
2.785178643238774843e-01
2.785258481868825853e-01
2.792567202793038161e-01
2.769832465704735736e-01
2.780370817370209080e-01
2.811999963724111096e-01
2.767658034700027914e-01
2.761757463072999075e-01
2.746112983282226749e-01
2.780764804680699864e-01
2.751666602328928790e-01
2.755502290272417998e-01
2.756070313235052804e-01
2.751659719068040855e-01
2.759446189363201074e-01
2.686579276618584755e-01
2.729585046363635081e-01
2.744537018704703013e-01
2.728407909668975062e-01
2.746154698423907137e-01
2.695626947997445955e-01
2.746118578454621040e-01
2.711695957226112896e-01
2.713722925412502818e-01
2.710087304524371188e-01
2.737721367053014276e-01
2.731206752581364916e-01
2.684067551932863838e-01
2.708829249419226759e-01
2.723863379554676833e-01
2.689910519630301922e-01
2.710945834733874960e-01
2.718909039465106092e-01
2.706416090562765997e-01
2.716037628353403233e-01
2.702145564870218064e-01
2.703846530349012789e-01
2.688555953872091009e-01
2.719060874066802080e-01
2.683180027200871010e-01
2.707835472675985122e-01
2.701891549397020253e-01
2.697107612898814732e-01
2.665530616421998844e-01
2.674472831201696876e-01
2.695869931386946083e-01
2.682493176196866780e-01
2.701158374572075749e-01
2.702236923811777158e-01
2.673926963218906105e-01
2.724095960872792155e-01
2.704244507658750130e-01
2.706115864859470199e-01
2.699103497129985985e-01
2.711343125574818269e-01
