-8.080461813263724307e-12
-1.085456932911179617e+00
-2.020077212332530436e+01
-2.161402168218541675e+01
-3.132495590527126783e+00
2.178928481619440971e-01
2.181239318227030100e-01
2.183673261687432976e-01
2.186231272298747863e-01
2.188914365191567957e-01
2.191723611651477943e-01
2.194660140529011982e-01
2.197725139741242006e-01
2.200919857869567120e-01
2.204245605858629886e-01
2.207703758821636109e-01
2.211295757957837949e-01
2.215023112588349052e-01
2.218887402316964963e-01
2.222890279323209983e-01
2.227033470795387882e-01
2.231318781512061922e-01
2.235748096581059996e-01
2.240323384345841995e-01
2.245046699469885887e-01
2.249920186210636053e-01
2.254946081895488064e-01
2.260126720613394036e-01
2.265464537136787082e-01
2.270962071089807077e-01
2.276621971380183018e-01
2.282447000913717106e-01
2.288440041611896070e-01
2.294604099755132021e-01
2.300942311676089924e-01
2.307457949829865018e-01
2.314154429270300906e-01
2.321035314564466046e-01
2.328104327180439970e-01
2.335365353386980869e-01
2.342822452707434000e-01
2.350479866974578003e-01
2.358342030037773041e-01
2.366413578179177024e-01
2.374699361301756961e-01
2.383204454958472995e-01
2.391934173299671007e-01
2.400894083024096015e-01
2.410090018428666103e-01
2.419528097662937971e-01
2.429214740306565867e-01
2.439156686402075003e-01
2.449361017091193082e-01
2.459835177021277020e-01
2.470586998709143889e-01
2.481624729073645952e-01
2.492957058375729062e-01
2.504593151836583820e-01
2.516542684241084848e-01
2.528815877876386953e-01
2.541423544204978180e-01
2.554377129729349938e-01
2.567688766573058001e-01
2.581371328382405239e-01
2.595235795593432981e-01
2.599902916248040818e-01
2.604742292296485795e-01
2.609756230494781892e-01
2.614947146066741723e-01
2.620317566873940907e-01
2.625870137857003739e-01
2.631607625766995140e-01
2.637532924207370844e-01
2.643649059008774116e-01
2.649959193961040071e-01
2.656339267817116045e-01
2.662606937133408791e-01
2.669072137245857013e-01
2.675738299603275805e-01
2.682609012338814103e-01
2.689688027639063894e-01
2.696968345298587089e-01
2.704243174946360795e-01
2.711734523956796927e-01
2.719446674522746910e-01
2.727184940624933773e-01
2.734915138537087897e-01
2.742871936291266799e-01
2.751053093581213860e-01
2.759195215319183991e-01
2.767573204713287827e-01
2.776192185937181867e-01
2.785057527431475943e-01
2.794174855625082832e-01
2.803550069721837956e-01
2.813189357652544076e-01
2.823099213304000044e-01
2.833286455149537919e-01
2.843758246420240998e-01
2.854522116972820767e-01
2.865585987029085069e-01
2.876958192983932738e-01
2.888647515503641183e-01
2.900663210165146944e-01
2.913015040920072241e-01
2.925713316705551015e-01
2.938768931568409015e-01
2.952193408720714118e-01
2.965998949005032026e-01
2.980198484318010155e-01
2.994805736623598058e-01
3.009835283284476026e-01
3.025302629555353118e-01
3.041224289218251164e-01
3.057617874502616129e-01
3.074502196627594830e-01
3.091897378537866170e-01
3.109824981686583056e-01
3.128308149061757026e-01
3.147371767070155091e-01
3.167042649404988031e-01
3.187349746655592231e-01
3.208324386200939737e-01
3.229781039754384131e-01
3.251339261214600262e-01
3.273628880635032767e-01
3.296689369531957126e-01
3.320563856911409872e-01
3.345299613302220032e-01
3.362545764983048135e-01
3.374743053386053959e-01
3.387287575884487811e-01
3.399848540453940804e-01
3.412784892607956810e-01
3.426107598220556882e-01
3.439538249550602167e-01
3.453235334779837795e-01
3.467342701259890081e-01
3.481873301440944202e-01
3.496840868644089939e-01
3.512259979300459967e-01
3.528146121821991166e-01
3.544486107228844163e-01
3.561018328177131820e-01
3.578058084284047036e-01
3.595624484364893791e-01
3.613737946485333086e-01
3.632420320746819198e-01
3.650040565738026932e-01
3.664688433492924169e-01
3.679787053468853153e-01
3.695022632157248799e-01
3.710656541214968906e-01
3.726774730670094904e-01
3.743394026637492100e-01
3.760532354929430054e-01
3.778208837743508020e-01
3.794512379411961733e-01
3.804906088352600912e-01
3.815654033948868151e-01
3.826764342372465100e-01
3.838245585651445246e-01
3.850106809821439158e-01
3.862357565584687014e-01
3.875007941746823059e-01
3.888068601736920926e-01
3.901550823557102810e-01
3.915466543555419232e-01
3.929828404470651071e-01
3.944649808261637136e-01
3.959944974308424737e-01
3.975729003660188887e-01
3.992017950107679125e-01
4.008828898979601152e-01
4.026180054706138822e-01
4.044090838364066132e-01
4.062581996622273151e-01
4.081675723751683749e-01
4.101395798658902803e-01
4.121767739260482899e-01
4.142818976949789178e-01
4.164579054440504802e-01
4.187079850925410907e-01
4.210355839298906000e-01
4.234444381200165863e-01
4.259386066897660750e-01
4.285225108631280921e-01
4.312009798057366838e-01
4.339793041043537025e-01
4.368632986424290099e-01
4.398593769718923130e-01
4.429746398600671875e-01
4.462169814615529750e-01
4.495952176039781922e-01
4.531192420944288868e-01
4.568002189147957748e-01
4.606508209282839106e-01
4.646855296497323096e-01
4.689210163435671985e-01
4.730031736739110926e-01
4.737596851129582953e-01
4.745560755419743759e-01
4.753929510300756167e-01
4.762676881194990997e-01
4.770700483604818909e-01
4.778955446760774772e-01
4.786794904988752042e-01
4.795042072641869102e-01
4.803703327655455824e-01
4.812785462139939074e-01
4.822295703293408842e-01
4.831816913415613035e-01
4.841369311880225901e-01
4.851360232177172049e-01
4.861797912725380755e-01
4.872691107297119073e-01
4.884049114986898088e-01
4.895380041898274026e-01
4.906869850113850795e-01
4.918348427420046742e-01
4.930084141171364731e-01
4.942306714030287873e-01
4.955027203438330252e-01
4.968257359698782794e-01
4.982009672613814111e-01
4.996297422738634753e-01
5.011134737797072747e-01
5.026536654881936794e-01
5.042519189156129400e-01
5.058346101391806293e-01
5.074681509146133918e-01
5.091627430874972049e-01
5.109202821479664758e-01
5.127427931738086642e-01
5.146324419908360204e-01
5.165310118005650430e-01
5.184075826482762439e-01
5.202169822367344043e-01
5.220676317141794698e-01
5.239871653670005180e-01
5.259537478373645936e-01
5.279435832605818835e-01
5.300074126303780941e-01
5.321479972434216554e-01
5.343683082844571386e-01
5.366715480423427387e-01
5.390611740297941434e-01
5.415409265054995647e-01
5.441148600020020432e-01
5.467873795937177039e-01
5.495632828043792717e-01
5.524478082624226793e-01
5.554466924803336259e-01
5.585662364788764878e-01
5.618133844258920151e-01
5.651235977358953777e-01
5.560041858978842511e-01
5.399736565113676390e-01
5.272306134371556041e-01
5.164760370731428241e-01
5.070917879417644603e-01
4.987259665361812866e-01
4.911555585310177774e-01
4.842286567992701851e-01
4.778362574662964879e-01
4.718969950812589853e-01
4.663482251134775103e-01
4.611404977294835117e-01
4.562339680328211244e-01
4.515959726685686015e-01
4.471993404574406972e-01
4.430211822684269052e-01
4.390420037132448106e-01
4.352450412319571749e-01
4.316157564310652006e-01
4.281414448631252756e-01
4.248109290905834889e-01
4.216143148431519827e-01
4.185427951019886073e-01
4.155884910740729743e-01
4.127443219043436806e-01
4.100038970209811118e-01
4.073614264854110156e-01
4.048116457975485805e-01
4.023497524055091867e-01
3.999713517672077723e-01
3.976724112641785158e-01
3.954492206143457866e-01
3.932983576978195117e-01
3.912166589180351983e-01
3.892011933839755744e-01
3.872492403285338058e-01
3.849764685509755036e-01
3.825346307917767974e-01
3.801752690609859764e-01
3.778943177216151916e-01
3.756880395313216270e-01
3.735529903908373917e-01
3.714859888232479035e-01
3.694840894308920043e-01
3.675445597144689214e-01
3.656648597484116747e-01
3.638426242942248146e-01
3.620756470040242814e-01
3.603618664236976077e-01
3.586993535516908027e-01
3.570863007476058892e-01
3.555210118162407951e-01
3.540018931187353113e-01
3.525274455841259091e-01
3.510962575127046792e-01
3.497069980777364751e-01
3.483584114448666225e-01
3.470493114393601863e-01
3.457785767004674105e-01
3.445451462700351852e-01
3.433480155691353009e-01
3.421862327222198186e-01
3.410588951932190804e-01
3.399651467022457019e-01
3.389041743952411201e-01
3.378752062420762869e-01
3.368775086414009801e-01
3.359103842129353978e-01
3.349731697600222824e-01
3.340652343870996743e-01
3.331859777583824900e-01
3.323348284854684143e-01
3.315112426328549744e-01
3.307147023314517265e-01
3.299447144911820118e-01
3.292008096046308840e-01
3.284825406344796805e-01
3.277894819781679847e-01
3.271212285038370138e-01
3.264773946521720149e-01
3.258576135992500844e-01
3.252615364759547933e-01
3.246888316399141883e-01
3.241391839962856070e-01
3.236122943640306060e-01
3.231078788846282746e-01
3.226256684704307820e-01
3.221654082901156957e-01
3.217268572889075973e-01
3.213097877414385906e-01
3.209139848353056990e-01
3.205392462835442990e-01
3.201853819643940002e-01
3.198522135868702154e-01
3.195395743807872835e-01
3.192473088099916922e-01
3.189752723076818008e-01
3.187233310327819980e-01
3.184913616464439268e-01
3.182792511078251785e-01
3.180868964883868943e-01
3.179142048040179969e-01
3.177610928643784249e-01
3.176274871389098142e-01
3.175133236390331737e-01
3.174185478161152818e-01
3.173431144748384836e-01
3.172869877016716855e-01
3.172501408081878083e-01
3.172325562890345729e-01
3.172342257944077981e-01
3.172551501169328936e-01
3.172953391929105860e-01
3.173548121179279868e-01
3.174335971768934006e-01
3.175317318885950146e-01
3.176492630649416782e-01
3.177862468850921052e-01
3.179427489847324040e-01
3.181188445608179038e-01
3.183146184921499811e-01
3.185301654762198731e-01
3.187655901828113092e-01
3.190210074249212879e-01
3.192965423476231135e-01
3.195923306355740179e-01
3.199085187399420271e-01
3.202452641256128274e-01
3.206027355396255940e-01
3.209811133018796725e-01
3.213805896192616918e-01
3.218013689244477726e-01
3.222436682407605057e-01
3.227077175745907134e-01
3.231937603370310108e-01
3.237020537965322187e-01
3.242328695645532166e-01
3.247864941163703945e-01
3.253632293494062022e-01
3.259633931816717789e-01
3.265873201931510095e-01
3.272353623132401856e-01
3.279078895576456043e-01
3.281314352142573054e-01
3.267308625882885953e-01
3.253511107307571204e-01
3.239786136580062870e-01
3.226455130588458120e-01
3.213506080536728815e-01
3.200927641839049209e-01
3.186906772988524761e-01
3.173005361889369991e-01
3.159499932835990177e-01
3.146070532294978905e-01
3.132879969518572727e-01
3.120062645133261925e-01
3.107607407912336139e-01
3.095503711113034018e-01
3.083741571101271117e-01
3.072311529612077874e-01
3.061204619265847082e-01
3.050412332006521843e-01
3.039926590167780773e-01
3.029739719907598161e-01
3.019844426781531088e-01
3.010233773250998723e-01
3.000461530620415762e-01
2.990966044010132108e-01
2.981744976773912925e-01
2.972792174170330037e-01
2.963380880556911734e-01
2.950136651275657163e-01
2.937259076851552742e-01
2.924736788724502934e-01
2.912559039249618120e-01
2.900715658331995961e-01
2.889197013926652069e-01
2.877993975993191067e-01
2.867097883545404180e-01
2.856500514479545783e-01
2.846194057902505792e-01
2.836171088713805855e-01
2.826424544223313240e-01
2.816947702611394821e-01
2.807734163059398269e-01
2.798737409023056011e-01
2.789911165375276725e-01
2.781333160790601111e-01
2.772997986907311807e-01
2.764900483546692822e-01
2.757035725704022888e-01
2.749399011458428799e-01
2.741985850725959795e-01
2.734791954787524904e-01
2.727813226529994806e-01
2.721045751344435826e-01
2.714485788630818242e-01
2.708129763863061923e-01
2.701974261172573888e-01
2.695147833414253125e-01
2.685832097682446795e-01
2.676771657696596085e-01
2.667960470000451112e-01
2.659392774626780920e-01
2.651063079295823965e-01
2.642966144776446868e-01
2.635096971309253133e-01
2.627450786001168104e-01
2.620023031110065848e-01
2.612809353146006153e-01
2.605805592722797992e-01
2.599007775099945738e-01
2.592412101360694887e-01
2.586014940176959986e-01
2.579812820116408889e-01
2.573802422451089145e-01
2.567980574430573926e-01
2.562344242985898912e-01
2.556890528833529741e-01
2.551616660951223081e-01
2.546519991400083005e-01
2.541597990469282031e-01
2.536848242121866881e-01
2.532268439721893083e-01
2.527856382024730730e-01
2.523609969413863063e-01
2.519527200368893993e-01
2.515606168150633093e-01
2.511845057690322847e-01
2.508242142671064934e-01
2.504795782790469882e-01
2.501504421194378769e-01
2.498366582072369946e-01
2.495380868406431862e-01
2.492545959864893024e-01
2.489860610834337962e-01
2.487323648582777935e-01
2.484933971547917952e-01
2.482690547744837994e-01
2.480592413287897868e-01
2.478638671022062034e-01
2.476828489259303989e-01
2.475161100616082022e-01
2.473635800948263130e-01
2.472251948380196074e-01
2.470271205562649952e-01
2.465976854111859018e-01
2.461800147528513949e-01
2.457778130751805123e-01
2.453909034090178964e-01
2.450191169619191922e-01
2.446622928656480012e-01
2.443202779387471935e-01
2.439929264633712014e-01
2.436800999756250086e-01
2.433816670687156125e-01
2.430975032082738074e-01
2.428274905592509025e-01
2.425715178238430914e-01
2.423294800899370993e-01
2.421012786896084013e-01
2.418868210672432129e-01
2.416778904260148131e-01
2.414819017693587977e-01
2.412994524791823026e-01
2.411304696749662080e-01
2.409748861115361129e-01
2.408326400927671973e-01
2.407036753928825934e-01
2.405612393848504948e-01
2.404292030966403981e-01
2.402777095599480106e-01
2.400975491468184952e-01
2.399309287352212050e-01
2.397777807537161965e-01
2.396380433131206911e-01
2.395116601257263056e-01
2.393985804322328881e-01
2.392987589361887102e-01
2.392121557457511927e-01
2.391387363226016027e-01
2.390784714378725861e-01
2.390171445743163037e-01
2.389644328186903977e-01
2.389248337957891044e-01
2.388983317951590135e-01
2.388680671312261028e-01
2.388457138786481970e-01
2.388364413438864020e-01
2.388402458532440098e-01
2.388336516973507129e-01
2.388378623642297138e-01
2.388551515070898024e-01
2.388850995655533993e-01
2.389064039987338905e-01
2.389408001803219883e-01
2.389883017519406072e-01
2.390366303247642987e-01
2.390874905083709978e-01
2.391514870304594920e-01
2.392286453404567081e-01
2.393098540317712963e-01
2.393873199473111058e-01
2.394779910062674877e-01
2.395819034060135133e-01
2.396990987191549016e-01
2.398296239468575008e-01
2.399735315793903867e-01
2.401308796640561904e-01
2.402434420367287882e-01
2.403548200449437955e-01
2.404795602240895058e-01
2.406177127732204990e-01
2.407693334500370930e-01
2.409344836434187953e-01
2.411132304537207949e-01
2.413056467810650862e-01
2.415067166958672906e-01
2.417052793100961938e-01
2.419176505965648927e-01
2.421439181559331133e-01
2.423841757725072876e-01
2.426385235418427877e-01
2.429070680081177880e-01
2.431899223117038045e-01
2.434872063473993986e-01
2.437990469338217892e-01
2.441255779945064042e-01
2.444339677196148974e-01
2.446003047326087976e-01
2.447806807897142112e-01
2.449751717218724978e-01
2.451708983119376128e-01
2.453571188455291041e-01
2.455451108896821999e-01
2.457249523686148018e-01
2.459189790579150992e-01
2.461272730607267922e-01
2.463499229111091871e-01
2.463838917221694014e-01
2.458703884327634870e-01
2.453740101494001069e-01
2.448945101263733104e-01
2.444316526663743994e-01
2.439852127023769968e-01
2.435549754052585003e-01
2.431407358155250886e-01
2.427422984976299047e-01
2.423594772155054922e-01
2.419920946280323948e-01
2.416399820032759105e-01
2.413029789504068934e-01
2.409809331683170908e-01
2.406737002100075018e-01
2.403811432619115118e-01
2.401031329373692902e-01
2.398395470835407994e-01
2.395902706010969996e-01
2.393551952760802071e-01
2.391342196233784967e-01
2.389272487412981982e-01
2.387341941767663900e-01
2.385549738007304021e-01
2.383895116933631986e-01
2.382377380387130095e-01
2.380995890284728078e-01
2.379750067745733111e-01
2.378639392303356914e-01
2.377663401199434923e-01
2.376821688760243911e-01
2.376113905851560126e-01
2.375539759411330887e-01
2.375099012058609071e-01
2.374791481777575874e-01
2.374617041675750051e-01
2.374575619815668115e-01
2.374667199119556982e-01
2.374891817346712897e-01
2.375249567143518092e-01
2.375740596166255880e-01
2.376365107277068900e-01
2.377123358813623966e-01
2.378015664933292028e-01
2.379042396032823026e-01
2.380203979244774892e-01
2.381500899012126971e-01
2.382933697742820045e-01
2.384502976546140074e-01
2.386209396053191045e-01
2.388053677323895008e-01
2.390036602843333136e-01
2.392159017610465954e-01
2.394421830322618072e-01
2.396826014659453885e-01
2.399372610670509887e-01
2.402062726270750015e-01
2.404897538848997096e-01
2.407878296994528100e-01
2.411006322347616915e-01
2.414283011580284077e-01
2.417709838514026932e-01
2.421288356381980922e-01
2.425020200243470925e-01
2.428907089559713128e-01
2.432950830940069087e-01
2.437153321069152057e-01
2.441516549825878124e-01
2.446042603606602972e-01
2.450733668865444914e-01
2.455592035886093871e-01
2.460620102800659958e-01
2.465820379872430135e-01
2.471195494061020903e-01
2.476748193889919958e-01
2.482481354638416127e-01
2.488397983881757980e-01
2.494501227405754029e-01
2.500794375524383883e-01
2.507280869831787218e-01
2.513964310422959203e-01
2.520848463620943836e-01
2.527937270251938151e-01
2.535234854513969127e-01
2.542745533489484955e-01
2.550473827357309098e-01
2.558424470365414094e-01
2.566602422632306979e-01
2.575012882852442120e-01
2.583661301989144121e-01
2.592553398048106916e-01
2.601695172034991232e-01
2.611092925212761817e-01
2.620753277788006042e-01
2.630683189171105774e-01
2.640889979972821933e-01
2.651381355920138794e-01
2.662165433897615840e-01
2.673250770347099792e-01
2.684646392289687933e-01
2.696361831269298848e-01
2.708407160558781723e-01
2.720793036017332134e-01
2.733530741044286061e-01
2.746632236139721073e-01
2.760110213659547895e-01
2.773978158443339836e-01
2.788250415100479995e-01
2.802942262867688106e-01
2.818069999102563727e-01
2.833651032659730840e-01
2.849703988614328276e-01
2.866248826061619792e-01
2.883306971041514899e-01
2.900901467027557912e-01
2.919057145898992789e-01
2.937800822905867193e-01
2.957161519870707966e-01
2.977170721787368857e-01
2.997411033166160199e-01
3.018241167823250137e-01
3.039798426728612113e-01
3.062124212612503116e-01
3.085263973481296995e-01
3.109267769558021199e-01
3.134190946669040967e-01
3.160094941568613036e-01
3.187048252239197965e-01
3.215127616453368753e-01
3.244419455984288159e-01
3.275021663535642169e-01
3.307045837374588126e-01
3.340620108923760823e-01
3.375646953067276135e-01
3.412044175024762094e-01
3.450429455211017071e-01
3.491028811374217167e-01
3.534113981058765730e-01
3.580016482374352993e-01
3.629147778931597901e-01
3.677486408402200757e-01
3.707437929109435037e-01
3.726737486981340219e-01
3.746676856151258117e-01
3.767284744371178773e-01
3.788592171635782879e-01
3.810632730786049915e-01
3.833442887314094105e-01
3.857062325821662974e-01
3.881534352320130110e-01
3.902519770057837900e-01
3.888666382187349058e-01
3.875243973867510960e-01
3.862240708653567056e-01
3.849645401515813248e-01
3.837447475641297956e-01
3.825636922999511857e-01
3.814204268285431021e-01
3.803140535899677266e-01
3.792437219665636960e-01
3.782086255018112242e-01
3.772079993428344991e-01
3.762411178856505112e-01
3.753072926045791791e-01
3.744058700492375880e-01
3.735362299943204012e-01
3.726977837289121021e-01
3.718899724734566758e-01
3.711122659137238156e-01
3.703641608421798237e-01
3.696451798981312820e-01
3.689548703988533851e-01
3.682928032546710084e-01
3.676585719616400905e-01
3.670517916660751001e-01
3.664720982957124784e-01
3.659191477527874992e-01
3.653926151647375886e-01
3.648921941886416054e-01
3.644175963658587980e-01
3.639685505236585072e-01
3.635448022209205043e-01
3.631461132352538090e-01
3.627722610891280786e-01
3.624230386128270975e-01
3.620982535422440085e-01
3.617977281497199993e-01
3.615212989063035787e-01
3.612688161739623927e-01
3.610401439264347978e-01
3.608351594975323096e-01
3.606537533558497044e-01
3.604958289049408071e-01
3.603613023081481126e-01
3.602501023373685940e-01
3.601621702451469065e-01
3.600974596595857835e-01
3.600559365016475777e-01
3.600375789245250924e-01
3.600423772748382878e-01
3.600703340755053161e-01
3.601214640302173864e-01
3.601957940495382759e-01
3.602933632987307955e-01
3.604142232674975022e-01
3.605584378619141050e-01
3.607260835189206039e-01
3.609172493438281837e-01
3.611320372713934801e-01
3.613705622511150239e-01
3.616329524575052079e-01
3.619193495262070237e-01
3.622299088169311787e-01
3.625647997043259796e-01
3.629242058980099994e-01
3.633083257931490895e-01
3.637173728531054029e-01
3.641515760258551837e-01
3.646111801960439935e-01
3.650964466747462223e-01
3.656076537292076156e-01
3.661450971550737066e-01
3.667090908938638871e-01
3.672999676987325768e-01
3.679180798518513762e-01
3.685637999370959816e-01
3.692375216720852893e-01
3.699396608040353973e-01
3.706706560743481260e-01
3.714309702573606042e-01
3.722210912792487947e-01
3.730415334237163760e-01
3.738928386317946773e-01
3.747755779038882129e-01
3.756903528130747238e-01
3.766377971396847046e-01
3.776185786383030041e-01
3.786334009496196140e-01
3.796830056709976087e-01
3.807681746012718249e-01
3.818897321771462794e-01
3.830485481207052123e-01
3.842455403199624975e-01
3.854816779671774163e-01
3.867579849828545746e-01
3.880755437570372890e-01
3.894354992437581986e-01
3.908390634494421922e-01
3.922875203617852136e-01
3.928346912818507231e-01
3.926205817883905991e-01
3.924331627053487814e-01
3.922723268709393252e-01
3.848504416147141005e-01
3.780812018621765858e-01
3.718958362815276142e-01
3.661938020839570762e-01
3.607907464507322803e-01
3.512586914537982885e-01
3.430647521453393800e-01
3.358351020906880091e-01
3.293423933114393853e-01
3.234361602674402092e-01
3.180107203410147965e-01
3.129884893685291880e-01
3.083105277837415725e-01
3.039308206931344847e-01
2.998126335600450054e-01
2.959260910896968078e-01
2.922465120983678832e-01
2.887532304588955046e-01
2.854287392043748928e-01
2.822580557213641983e-01
2.792282420060782089e-01
2.763280360664266966e-01
2.735475645359592978e-01
2.708781156504596055e-01
2.683119577825857083e-01
2.658421928384848143e-01
2.634626366668901265e-01
2.611677206379331984e-01
2.589524099860233131e-01
2.568121355552109852e-01
2.547427363540658019e-01
2.527404108997943766e-01
2.508016757628658833e-01
2.489233300519828052e-01
2.471024248318000049e-01
2.453362366617143908e-01
2.436222445972675010e-01
2.419581101165201031e-01
2.403416595296817004e-01
2.387708685069830916e-01
2.372438484215250998e-01
2.357588342538337878e-01
2.343141738455722933e-01
2.329083183232129872e-01
2.315398135399291124e-01
2.302072924066768111e-01
2.289094680023215922e-01
2.276451273684297893e-01
2.264131259075569114e-01
2.252123823149924930e-01
2.240418739833271999e-01
2.229006328271886939e-01
2.217877414822725934e-01
2.207023298386031895e-01
2.196435718729257969e-01
2.186106827494108951e-01
2.176029161615186946e-01
2.166195618910811971e-01
2.156599435633952955e-01
2.147234165795418870e-01
2.138093662092273028e-01
2.129172058292768954e-01
2.120463752945078995e-01
2.111963394291186957e-01
2.103665866279685048e-01
2.095566275582086135e-01
2.087659939526939068e-01
2.079942374874511890e-01
2.072409287362491914e-01
2.065056561959699999e-01
2.057880253770985046e-01
2.050876579541685008e-01
2.044041909714852112e-01
2.037372760998749088e-01
2.030865789405859878e-01
2.024517783728216891e-01
2.018325659416803919e-01
2.012286452835710948e-01
2.006397315864127950e-01
2.000655510821572891e-01
1.995058405693803105e-01
1.989603469638709932e-01
1.984288268753162110e-01
1.979110462083348010e-01
1.974067797862472939e-01
1.969158109961006986e-01
1.964379314535809051e-01
1.959729406865478030e-01
1.955206458360294053e-01
1.950808613735922070e-01
1.946534088340950985e-01
1.942381165628976891e-01
1.938348194766681964e-01
1.934433588369965096e-01
1.930635820360740995e-01
1.926953423937577958e-01
1.923384989653773025e-01
1.919929163596995891e-01
1.916584645664954900e-01
1.913350187931988911e-01
1.910224593101808033e-01
1.907206713041937896e-01
1.904295447395721874e-01
1.901489742268044902e-01
1.898788588981160097e-01
1.896191022897270040e-01
1.893696122304739937e-01
1.891303007365016942e-01
1.889010839117558904e-01
1.886818818540204890e-01
1.884726185662639886e-01
1.882732218730764906e-01
1.880836233419891923e-01
1.879037582094889025e-01
1.877335653115470016e-01
1.875729870185000869e-01
1.874219691741287885e-01
1.872804610387918123e-01
1.871484152364870091e-01
1.870257877057150964e-01
1.869125376540370920e-01
1.868086275162224863e-01
1.867140229158945897e-01
1.866286926305887883e-01
1.865526085601451889e-01
1.864857456983678996e-01
1.864280821078894979e-01
1.863795988981838125e-01
1.863402802066821962e-01
1.863101131829509038e-01
1.862890879758971885e-01
1.862771977239743026e-01
1.862744385483678100e-01
1.862808095491446936e-01
1.862963128043619021e-01
1.863209533721270905e-01
1.863547392956204918e-01
1.863976816110859969e-01
1.864497943588092899e-01
1.865110945971064083e-01
1.865816024193532041e-01
1.866613409740907892e-01
1.867503364882523997e-01
1.868486182935605866e-01
1.869562188561512128e-01
1.870731738094922880e-01
1.871995219906651131e-01
1.873353054800925011e-01
1.874805696447991998e-01
1.876353631853024950e-01
1.877997381862392956e-01
1.879737501708438896e-01
1.881574581594009921e-01
1.883509247318106983e-01
1.885542160944100876e-01
1.887674021512099898e-01
1.889905565797155018e-01
1.892237569115141904e-01
1.894670846178286017e-01
1.897206252002411053e-01
1.899844682868216950e-01
1.902587077338996902e-01
1.905434417337373010e-01
1.908387729283921863e-01
1.911448085300589128e-01
1.914616604482194118e-01
1.917894454239421898e-01
1.921282851717029949e-01
1.924783065291204021e-01
1.928396416150351123e-01
1.932124279963889912e-01
1.935968088643938989e-01
1.939929332205163892e-01
1.944009560728469921e-01
1.948210386434622021e-01
1.952533485874324015e-01
1.956980602241830958e-01
1.961553547819686882e-01
1.966254206562758067e-01
1.971084536830405021e-01
1.976046574276328904e-01
1.981142434906346950e-01
1.986374318315272947e-01
1.991744511114897920e-01
1.997255390566123889e-01
2.002909428429364980e-01
2.008709195048530016e-01
2.014657363685231906e-01
2.020756715121294900e-01
2.027010142549199034e-01
2.033420656771927071e-01
2.039991391735495874e-01
2.046725610419704022e-01
2.053626711114918957e-01
2.060698234115329874e-01
2.067943868862057999e-01
2.075367461572699135e-01
2.082973023397438062e-01
2.090764739145928031e-01
2.098746976633530936e-01
2.106924296700563026e-01
2.115301463963734085e-01
2.123883458365236065e-01
2.132675487592015917e-01
2.136745660366841104e-01
2.140042192231474960e-01
2.143465717124939940e-01
2.147017623946393949e-01
2.150699365505215066e-01
2.154512460535228102e-01
2.158458495829513046e-01
2.160079055820982863e-01
2.159367719659679996e-01
2.158771100905161888e-01
2.158288976641158929e-01
2.157921166956411063e-01
2.157667534733486991e-01
2.157527985488079114e-01
2.157502467258423928e-01
2.157590970544522868e-01
2.157793528297040075e-01
2.158110215955832967e-01
2.158541151538208025e-01
2.159086495777153003e-01
2.159746452309856957e-01
2.160521267917044907e-01
2.161411232813693906e-01
2.162416680991919027e-01
2.163537990616878071e-01
2.164775584476746062e-01
2.166129930487911970e-01
2.167601542256734903e-01
2.169190979699334998e-01
2.170898849721064894e-01
2.172725806957477024e-01
2.174672554578793993e-01
2.176739845160073072e-01
