3.058556021440566042e-01
1.357465873676480861e+00
2.345463911795467027e+01
7.518454343656287620e+00
3.139508748948630412e+00
1.077116794802922328e+00
1.114445046771307624e+00
1.085884549325469850e+00
1.146087607577833012e+00
1.104336482821704157e+00
1.079116371477764069e+00
1.126066487451598208e+00
1.094012067853872061e+00
1.071646777591343414e+00
1.116626894686757687e+00
1.088349195597149599e+00
1.147637935686311117e+00
1.106833919130422617e+00
1.081810633406309785e+00
1.123846523652496376e+00
1.093937064992556385e+00
1.153340440388901600e+00
1.111033604269763941e+00
1.187396664217987619e+00
1.121211275738127400e+00
1.093210281435112785e+00
1.126349185748193094e+00
1.097141437033987588e+00
1.143196015019085632e+00
1.108235757867200189e+00
1.154982837861701528e+00
1.115212869520102457e+00
1.177128004368884762e+00
1.124994995664523101e+00
1.097887605540477818e+00
1.139491619126582478e+00
1.107991783837834809e+00
1.161126225013133118e+00
1.120731161685864841e+00
1.095708798851864341e+00
1.140635825312178886e+00
1.110030652751402780e+00
1.088140558486115683e+00
1.070498170762254730e+00
1.159525038046000489e+00
1.122556702613293211e+00
1.098433823855033076e+00
1.140067857180091071e+00
1.111408727977072353e+00
1.165195935056015708e+00
1.127175359811292576e+00
1.102726041668104173e+00
1.148220793335019918e+00
1.117917068196838892e+00
1.169872794923554782e+00
1.131118020238709665e+00
1.177525075605631688e+00
1.135481267022439900e+00
1.214462864381835594e+00
1.146414237918669254e+00
1.118073636567622486e+00
1.158806713834519941e+00
1.126505459367630246e+00
1.174821849112390071e+00
1.136082692619651224e+00
1.111382114591361825e+00
1.157383916703038862e+00
1.126621240766876086e+00
1.104596903600426838e+00
1.086841063917983519e+00
1.071759179082991675e+00
1.169334092384729518e+00
1.139313324416014739e+00
1.215453742937110615e+00
1.154830873958478499e+00
1.132391915908301572e+00
1.164713777050254917e+00
1.157252820177525177e+00
1.196958642021823005e+00
1.143522804458682707e+00
1.214737035231328477e+00
1.253002159760181700e+00
1.240954270395506098e+00
1.259359501711492468e+00
1.221416755601401505e+00
1.182306623964300085e+00
1.220702782483701787e+00
1.241251339683477894e+00
1.197568324801027817e+00
1.249093285822391763e+00
1.235192484988777206e+00
1.221134086347311687e+00
1.243038028614779300e+00
1.272464611620415909e+00
1.334271162901563113e+00
1.276872357873827912e+00
1.318329872165896477e+00
1.334238314823347427e+00
1.267858992310917143e+00
1.313363889481620195e+00
1.306313957602476483e+00
1.338880624860807389e+00
1.300924554356894358e+00
1.314492799015833047e+00
1.291362799006992246e+00
1.292880208644830997e+00
1.294327190073887968e+00
1.325225997362365904e+00
1.312672270701833899e+00
1.299361755812395103e+00
1.320700596636914748e+00
1.304207567564278358e+00
1.304310477398936241e+00
1.306145429187567819e+00
1.319031944447036642e+00
1.317617426536668246e+00
1.308696522261809658e+00
1.308136749568916901e+00
1.297815347866726476e+00
1.334375360548113676e+00
1.333805564730635940e+00
1.319778562690838930e+00
1.337524151847659271e+00
1.298300598687118557e+00
1.313345208276595066e+00
1.327234723554088891e+00
1.290888500805928318e+00
1.312567008411807956e+00
1.328644699933732243e+00
1.339763593742683279e+00
1.352838737915789125e+00
1.347943594724551497e+00
1.322420376299149991e+00
1.342339331335158370e+00
1.310555996624337194e+00
1.324338618747135765e+00
1.324230637526659260e+00
1.340482277866595018e+00
1.332752198342072036e+00
1.345982005073927068e+00
1.360880101349019933e+00
1.377992765828322419e+00
1.398269589013591663e+00
1.423673183368147299e+00
1.443964723661796290e+00
1.451166860821772486e+00
1.456967943257459819e+00
1.463199287667313442e+00
1.483290294142097121e+00
1.536911679346661508e+00
1.532631012611984200e+00
1.540033070023540507e+00
1.524221722078638930e+00
1.536739061431998898e+00
1.546031915308384797e+00
1.569149850193297224e+00
1.552162230231287632e+00
1.565331379762197495e+00
1.583507578459835141e+00
1.603339826251091393e+00
1.614668233155417632e+00
1.625761598493339122e+00
1.637969721348667917e+00
1.651764700102138494e+00
1.667541938776393673e+00
1.685629861557444986e+00
1.707198489797389529e+00
1.734153764348635551e+00
1.771708871030925225e+00
1.838143371425498884e+00
1.836792727631360034e+00
1.833920792914032871e+00
1.823683302583690047e+00
1.842168284549839941e+00
1.878514758761264059e+00
1.853813253970784780e+00
1.859529037700927034e+00
1.857332212137676297e+00
1.850181170280587928e+00
1.850155656449622432e+00
1.895439222824123915e+00
1.896662415732015994e+00
1.872514555327920771e+00
1.888610283244362975e+00
1.901570981744395983e+00
1.912963901591727245e+00
1.909448189899905612e+00
1.892518097433763202e+00
1.931361652984854294e+00
1.896511694702680773e+00
1.936711040594349065e+00
1.943672975710696083e+00
1.950575485837485079e+00
2.025422321455947916e+00
2.042843015906181670e+00
2.080679210695440151e+00
2.110186981378285864e+00
2.072711672474111921e+00
2.115892991805973899e+00
2.139882561120676208e+00
2.169850185618454219e+00
2.211804157309780194e+00
2.256663384749085122e+00
2.257986506681456174e+00
2.246446364391081030e+00
2.241246684660506361e+00
2.264158815794164781e+00
2.256134678967403495e+00
2.234554240377650824e+00
2.262176188651182862e+00
2.253398296420278779e+00
2.222577216420626556e+00
2.089459596343881564e+00
2.102699549089287245e+00
2.115352256983921819e+00
2.098347007391791141e+00
2.098470651498728134e+00
2.044210616724739804e+00
2.068502886804592489e+00
2.043907428024945183e+00
2.046471151641580999e+00
2.015615337740022550e+00
2.004446449978892986e+00
1.976025301309835891e+00
1.988172667776149094e+00
1.999093892262008731e+00
2.022372564174856890e+00
1.962954598201096745e+00
1.989984345156436740e+00
1.966297030375552923e+00
2.008104897597259519e+00
1.964798390637203962e+00
1.965963356559436326e+00
1.980829885210739105e+00
1.995611176361661077e+00
2.007273439699889028e+00
2.020197488062483782e+00
2.034621248466697008e+00
2.050880392716156742e+00
2.069745104327011198e+00
2.092058100872997262e+00
2.119330384215712737e+00
2.155497602605428220e+00
2.219970050980354603e+00
2.232426620513940030e+00
2.234555678312366123e+00
2.225463680595913374e+00
2.223791124792035223e+00
2.247641648575708473e+00
2.142146013016180905e+00
2.155261004078226073e+00
2.141370475403001628e+00
2.156867717417191965e+00
2.149488862467882289e+00
2.121420480200224112e+00
2.097919394115058456e+00
2.039031704332417316e+00
2.053773260241912979e+00
2.048159059308125141e+00
2.089317334015441840e+00
2.000207770775664695e+00
2.024342926124606201e+00
2.026161017581749046e+00
2.029204675079496756e+00
1.997102468085288463e+00
2.010452400167479947e+00
2.015748108019915996e+00
1.926078070919638785e+00
1.940244745825662420e+00
1.945097596914119986e+00
1.869620564038295019e+00
1.921743846012800017e+00
1.844866860558838750e+00
1.887329792595036748e+00
1.898181060411787913e+00
1.915260260832900796e+00
1.859819563393420028e+00
1.824648834082309268e+00
1.866680677229201279e+00
1.815673683302250430e+00
1.856903463974088453e+00
1.757863607587897947e+00
1.782152835640671285e+00
1.813642982108031099e+00
1.864122326618440795e+00
1.876889822010175068e+00
1.906692997112873655e+00
1.832742713072150753e+00
1.837869678929693107e+00
1.858293513685599141e+00
1.815417748400306008e+00
1.835065448371189900e+00
1.859866932125984418e+00
1.740039323804367211e+00
1.821938360630732889e+00
1.788014264885521509e+00
2.195713389746802857e+00
2.323485084453967175e+00
2.252887146621410874e+00
2.269012266783200005e+00
2.281988204468044845e+00
2.268744060557760900e+00
2.268897775693047958e+00
2.236965032487623795e+00
2.221872951251352202e+00
2.197348462873188080e+00
2.189543024801491100e+00
2.192008630442285000e+00
2.134164241909289217e+00
2.129883333807313761e+00
2.131347020370454537e+00
2.119881786639791432e+00
2.079271700551106328e+00
2.072305947384738278e+00
2.067991746439930445e+00
2.064625841953910079e+00
2.055296537944940827e+00
2.072857779638296982e+00
2.050872098294984180e+00
2.020822851836435952e+00
2.034803787877895509e+00
2.002783089175812936e+00
1.990048133147974019e+00
1.978299326709518358e+00
2.009565455030728032e+00
2.004995249477329100e+00
2.004895211663500376e+00
1.949268076858806431e+00
1.979754731050785921e+00
1.982595828306282337e+00
1.940256094890844052e+00
1.936895950651208897e+00
1.930264191699049281e+00
1.928782354578998381e+00
1.926892554670294411e+00
1.917015056047173260e+00
1.909824782541952981e+00
1.893475902382682818e+00
1.924385704370144889e+00
1.899347012086733955e+00
2.276480704720854842e+00
2.278848397947879523e+00
2.271355049682092009e+00
2.280848583575365129e+00
2.287898724994501976e+00
2.217825788050234337e+00
2.158838132173946267e+00
2.108962871593870858e+00
2.048560733357978503e+00
1.948358065124407901e+00
1.888819449479530732e+00
1.866954027225877111e+00
1.882149521210092047e+00
1.869416125923307526e+00
1.879500603322517671e+00
1.841317773429403948e+00
1.863772323349130344e+00
1.855080508925216698e+00
1.861544873101631525e+00
1.865391005677528691e+00
1.877806121244319115e+00
1.887309771479387166e+00
1.896506407152970697e+00
1.887016398590243504e+00
1.899444897673017607e+00
1.913260560907552810e+00
1.938989775094908108e+00
1.946402477675907017e+00
1.966877107594416030e+00
1.991436983223280111e+00
2.022755653238324847e+00
2.069611349005831880e+00
2.109199087422476193e+00
2.127549474426547071e+00
2.060002946057556183e+00
2.047300407982034720e+00
2.080171456510496064e+00
2.075722800892857656e+00
2.034138416660541182e+00
2.069276708374581553e+00
2.070400872505829604e+00
1.949426315758991501e+00
1.972335033944190075e+00
1.744958269211193791e+00
1.733064004753749554e+00
1.744063090015714357e+00
1.749191460635821205e+00
1.717845991843212961e+00
1.703427248054462106e+00
1.711201817593805075e+00
1.694923225631516095e+00
1.716962367583106941e+00
1.692563608973069567e+00
1.671892654569711700e+00
1.658435642227640061e+00
1.705197337881774855e+00
1.704505162782285144e+00
1.698033843273248022e+00
1.703480717313524462e+00
1.548643296202969033e+00
1.640698055500543040e+00
1.640443786197836928e+00
1.644731119097831096e+00
1.656672290918453694e+00
1.676540658462569056e+00
1.662556700240311436e+00
1.667007414977206503e+00
1.706094319149902505e+00
1.718028033961379153e+00
1.649917880240239443e+00
1.647770901251267128e+00
1.658694205895539842e+00
1.650141675660359519e+00
1.661196002276037698e+00
1.667902696494102610e+00
1.674398513236350361e+00
1.699248654484054377e+00
1.679352443923178617e+00
1.692051810607349216e+00
1.769501288565962893e+00
1.776956825170757037e+00
1.709230237550265930e+00
1.577136665571993834e+00
1.542309790985483708e+00
1.529823280298665100e+00
1.553978549517045282e+00
1.601651469848150766e+00
1.581872767774977762e+00
1.631047869649472570e+00
1.606227417036598881e+00
1.524473726861314882e+00
1.553354988080229093e+00
1.537415404469790081e+00
1.528398050490143545e+00
1.523935380399696005e+00
1.520826816677206317e+00
1.532129014640395415e+00
1.505880700324087940e+00
1.536709333057129756e+00
1.509625228684363218e+00
1.547813873580595301e+00
1.518177644358195799e+00
1.560273371413745780e+00
1.527250386735353960e+00
1.558546535022404367e+00
1.526478745994958031e+00
1.553115936268547159e+00
1.522963043370362923e+00
1.541898513091750855e+00
1.571033629169990009e+00
1.535982158368775385e+00
1.563828324005137160e+00
1.597038362156699920e+00
1.552039110050373427e+00
1.599868437831019286e+00
1.553943877514660565e+00
1.524940965636722989e+00
1.567501269058236169e+00
1.534776501989923547e+00
1.582084269242991281e+00
1.544604260219908154e+00
1.603340610436838842e+00
1.556824713916418856e+00
1.616360935212135308e+00
1.563015630038493420e+00
1.532307898542045077e+00
1.578471780467437524e+00
1.543078658856398722e+00
1.603879724186667799e+00
1.558072188587455553e+00
1.624733221021074758e+00
1.567209579632938166e+00
1.535777117570558570e+00
1.586103214894114100e+00
1.548483382115797502e+00
1.616083626179047217e+00
1.564519310053398504e+00
1.534147531872289916e+00
1.580491173965384188e+00
1.545261355495619604e+00
1.596822989932439096e+00
1.555409744866842914e+00
1.586130077457823084e+00
1.628197030960633507e+00
1.570285783482756603e+00
1.599859911664205603e+00
1.557682180921753590e+00
1.581870665619041771e+00
1.546868131599362872e+00
1.586396316258031902e+00
1.549908371687471531e+00
1.585098046025712915e+00
1.627600129359015657e+00
1.571129750787918722e+00
1.605942003684698083e+00
1.561615439756148804e+00
1.587881909262709446e+00
1.551172765669085241e+00
1.591047316331840600e+00
1.553201183643796890e+00
1.598787006947816725e+00
1.557843930543509448e+00
1.593897325261902864e+00
1.554989247961214183e+00
1.591604657387700961e+00
1.553602204944598331e+00
1.590627203648119270e+00
1.552991939531504162e+00
1.585733684738330762e+00
1.643711296359876561e+00
1.575993450023533082e+00
1.601829384280177182e+00
1.559464105424027913e+00
1.584656097820108078e+00
1.549043632141109184e+00
1.523471767495325757e+00
1.529375626590971704e+00
1.541044316362612188e+00
1.553940627519246442e+00
1.568341001565942694e+00
1.584653703157244076e+00
1.603528985491197156e+00
1.626127566093525267e+00
1.654968319918933117e+00
1.668219639466989257e+00
1.675170375864065919e+00
1.682699489916371194e+00
1.690863064225082590e+00
1.699729326071245161e+00
1.709382534455698766e+00
1.719928659594782250e+00
1.731503984406841834e+00
1.744288711980275908e+00
1.758529691662008343e+00
1.774581099243971893e+00
1.792984284747163093e+00
1.814646158464670700e+00
1.828753345016610909e+00
1.844451365073326299e+00
1.862361003418304906e+00
1.883263298192118018e+00
1.908593834937360789e+00
1.941648874836368721e+00
1.962711607375422496e+00
1.984737157068580782e+00
2.011707021860618116e+00
2.047690724936988449e+00
2.105489851132527956e+00
2.127413343155117875e+00
2.154023169726296150e+00
2.188737813336078197e+00
2.245218289149336410e+00
2.164323127787130652e+00
2.203436916069530849e+00
2.301489506544849295e+00
1.513877385620091998e+00
1.526926819975389371e+00
1.541525094951784469e+00
1.558109459825964160e+00
1.577388383520992310e+00
1.600661640483339365e+00
1.630901412767330028e+00
1.668185987488332023e+00
1.673328125402794075e+00
1.678914012411152346e+00
1.684973546954648072e+00
1.691541809476053704e+00
1.698660267572424054e+00
1.706378384278464111e+00
1.714755806753286871e+00
1.723865413339491504e+00
1.733797670144716196e+00
1.744667059549151578e+00
1.756621932376446038e+00
1.769860323618174691e+00
1.784656859535610929e+00
1.801412100877646250e+00
1.820752659987154853e+00
1.843766060856328881e+00
1.872694816704145282e+00
1.893528493389823986e+00
1.900055078616272874e+00
1.907191487941624297e+00
1.914990074819458377e+00
1.923514214099222297e+00
1.932841593106835898e+00
1.962176918888231203e+00
2.008774716625640000e+00
2.020431175702326776e+00
2.033351031566526856e+00
2.047771437538372208e+00
2.064026656722263819e+00
2.082614932726388979e+00
2.104340258372964012e+00
2.130667942954930894e+00
2.164907928971666173e+00
2.219904228919932443e+00
1.296689783971095578e+00
1.277541122565838627e+00
1.274135674215663983e+00
1.299499081555260505e+00
1.265995541300853677e+00
1.239879582948315129e+00
1.259910103608753440e+00
1.255076252480974874e+00
1.251055924082748572e+00
1.298464449689468614e+00
1.245210097805931948e+00
1.306796578984925183e+00
1.243777070651359562e+00
1.282104934973554489e+00
1.261235012164875435e+00
1.274873100099373158e+00
1.277888205480277151e+00
1.273836358782314493e+00
1.283049687007467021e+00
1.271353572006343136e+00
1.259470643093917763e+00
1.290674789333644101e+00
1.265466159383721090e+00
1.273374235835651236e+00
1.272405863595812203e+00
1.306864504461100474e+00
1.319868418412583289e+00
1.284777816996469202e+00
1.289480896254018738e+00
1.303309312557967559e+00
1.299863456510605975e+00
1.305588284633686369e+00
1.311705012650972613e+00
1.318246466414190410e+00
1.325251320551803946e+00
1.332765619471542484e+00
1.340844856018324593e+00
1.349556880539286352e+00
1.358986086733880772e+00
1.369239636048235065e+00
1.380457087101904179e+00
1.392826034625531895e+00
1.396505989833102035e+00
1.397801700832763894e+00
1.399320408435502650e+00
1.401066107078006162e+00
1.403043481841063977e+00
1.405257963719952929e+00
1.407715796200176506e+00
2.164147191655167113e+00
2.123490867107941327e+00
2.210922160047580132e+00
2.148711770149099198e+00
2.112950448753937671e+00
2.085888123327421795e+00
2.063711831949947229e+00
1.966906702472586810e+00
1.923803831249218943e+00
1.894114966467784100e+00
1.870600058256995935e+00
1.850887735703222958e+00
1.765134396155244589e+00
1.691608872865357549e+00
1.657585373997663147e+00
1.632365235107707591e+00
1.611815020840080104e+00
1.594304001389533099e+00
1.520946908879631243e+00
1.533012589630718292e+00
1.543494253222393642e+00
1.545836939760975914e+00
1.548465813340146324e+00
1.551389585196609522e+00
1.554618283949312785e+00
1.558163419219884105e+00
1.562038181254819635e+00
1.566257685533133825e+00
1.570839274283204468e+00
1.575802890918818866e+00
1.581171549176220825e+00
1.586971927030865537e+00
1.593235127629960557e+00
1.599997667673041413e+00
1.607302781558307192e+00
1.615202173496834481e+00
1.623758420971549432e+00
1.633048352403192016e+00
1.643167930643646857e+00
1.654239556126216426e+00
1.666423443398685533e+00
1.679936257357001583e+00
1.688129575849744102e+00
1.691906245126749697e+00
1.696062412666587527e+00
1.700616331670100401e+00
1.705589142920479917e+00
2.232039920646856412e+00
2.101270525375249054e+00
2.040296908214252358e+00
2.005344498047912705e+00
1.844153249024060859e+00
1.805938939634684770e+00
1.754836330643725129e+00
1.764537181205495298e+00
1.777840044108066175e+00
1.786805883176858734e+00
1.799693020783499353e+00
1.814058020141692484e+00
1.822496456467975090e+00
1.828804217937409105e+00
1.835682287191386042e+00
1.843178200314928405e+00
1.851349146714102778e+00
1.860264740641053072e+00
1.870010941271750049e+00
1.880695762465378396e+00
1.892457886441780701e+00
1.905480224757166940e+00
1.920012429043060909e+00
1.936410868759478099e+00
1.955216268169148952e+00
1.977324512403312751e+00
2.004440726624610924e+00
2.040768297926252028e+00
2.110826019733766490e+00
2.077443836230242091e+00
2.056802295143115966e+00
1.775759557221443075e+00
1.820060566411784375e+00
1.846634379007144000e+00
1.818453380887849580e+00
1.841771244743080072e+00
1.875648272146090090e+00
1.844319054840756866e+00
1.879680899263423965e+00
1.861947995927068833e+00
1.877970295162252778e+00
1.903805997866264033e+00
1.797729522359421850e+00
1.830210228531663930e+00
1.884539693078713274e+00
1.814158814665359998e+00
1.849205014966060823e+00
1.919722181497094393e+00
1.893355044711720003e+00
1.885021871301840068e+00
1.911328961653822045e+00
1.920235147959540756e+00
1.934164371485936451e+00
1.941033368479230470e+00
1.957872511549868744e+00
1.760571552020888886e+00
1.757739445193522210e+00
1.776349700393709652e+00
1.720071149286103829e+00
1.748109791715089845e+00
1.791764899801063571e+00
1.861436239352796784e+00
1.856574946194980313e+00
1.916441944433556754e+00
1.932019880017776803e+00
1.959326210251876033e+00
1.994057011028898430e+00
1.979629237821395549e+00
1.995776764337219511e+00
1.967173434973402468e+00
2.040046068113249067e+00
2.018169405936699246e+00
2.048350275836138046e+00
2.052610409419444615e+00
2.075479174290933315e+00
2.071391859292034621e+00
2.097526273169556088e+00
2.069314890447557787e+00
2.098603380257553219e+00
2.129063106614169865e+00
2.090872870510041892e+00
2.145106132768200169e+00
2.142888786107605803e+00
2.169798011763460099e+00
2.142833448202930313e+00
2.094623682479062055e+00
2.141154604158941765e+00
1.893320889920200756e+00
1.841176162167575070e+00
1.851996684366818746e+00
1.872741816575474338e+00
1.857536518563924099e+00
1.856974460288608020e+00
1.892843329370971217e+00
1.914848615988131497e+00
1.925034158199661949e+00
1.939830009884637052e+00
1.912153048699527513e+00
1.961580426574622393e+00
1.966410065900960902e+00
1.987545540531621580e+00
1.971421086019540692e+00
1.969854654924006354e+00
1.989886910158803923e+00
2.033832578074954434e+00
2.076052106430454458e+00
2.084549115348250936e+00
2.132562231820827048e+00
2.139511132581520592e+00
1.986338374456498412e+00
2.013731920202569636e+00
2.050613640184278719e+00
2.106826423393728831e+00
2.129001761360139522e+00
2.156005762745030196e+00
2.191493082804047976e+00
2.251285730159452214e+00
1.482116031848900839e+00
1.492019716631453496e+00
1.502827952138796830e+00
1.514696897802204179e+00
1.527838313343245158e+00
1.542552060788376478e+00
1.559288259447763059e+00
1.578781020670246171e+00
1.963971546689684988e+00
1.946452374776453942e+00
1.959462134698761293e+00
1.927942141396220777e+00
1.919853438951836910e+00
1.903833587133590077e+00
1.911402212716501570e+00
1.867133745859262506e+00
1.907575379061424048e+00
1.882915590761981894e+00
1.817599690160820014e+00
1.798977244174421397e+00
1.947949253627232036e+00
1.941107262959320456e+00
1.987533323620620074e+00
1.976595943994893911e+00
1.995693411087360092e+00
1.999957243276276886e+00
1.991413522642172751e+00
1.987519099769175179e+00
2.010973100783926437e+00
2.024593683480884199e+00
2.027407928491269828e+00
2.033338106591655148e+00
2.026226148762752199e+00
2.040653366183236450e+00
2.019125063028869960e+00
2.046973723660312494e+00
2.065737168501098342e+00
2.079300686451358349e+00
2.088038786871341035e+00
2.089692094798255795e+00
2.122900559102006479e+00
2.149653410945284726e+00
2.141876219040030449e+00
2.138871101276496933e+00
2.154490933063438085e+00
2.200703912221286362e+00
1.923872746654990307e+00
1.894969901172680382e+00
1.871898799630668853e+00
1.852482497683406892e+00
1.835652653259592482e+00
1.820789567879330439e+00
1.776310701229760314e+00
1.715514565594248086e+00
1.734340968782206227e+00
1.733741225789382945e+00
1.732315841095130038e+00
1.732094917850643290e+00
1.748862938705790793e+00
1.813308749190236879e+00
1.781840370627969072e+00
1.817410279727298406e+00
1.999086905417841065e+00
2.061642082406192067e+00
2.092958752739745076e+00
2.078216753620464985e+00
2.119247977316551790e+00
2.135968743058373143e+00
2.146228747788556213e+00
2.137798123343174428e+00
2.123261817465031065e+00
2.127903149865821852e+00
2.078224875281359907e+00
2.045815026993636376e+00
2.020583205997605880e+00
1.999629134816090392e+00
1.981625234490743015e+00
1.965830250182724948e+00
1.951779765204435080e+00
1.944528992282199997e+00
1.955612896534387080e+00
2.010356500385120260e+00
1.984082549549267993e+00
1.973793995621595077e+00
1.962285391037179139e+00
2.005444129175210755e+00
1.976011090859660868e+00
2.040518637231478749e+00
2.011199270615328771e+00
2.057371396185326606e+00
2.041740941627272043e+00
2.032578954940220672e+00
2.204473310599930791e+00
2.144606372935168981e+00
2.160841940205165734e+00
2.131493268084997617e+00
2.092478439673714163e+00
2.069214425883239450e+00
1.984048378086580078e+00
1.933328918635362381e+00
1.901219970043838359e+00
1.876387958502062414e+00
1.855810059201538742e+00
1.838134999990236773e+00
1.703537876965643516e+00
1.665437043329611511e+00
1.638485974442906778e+00
1.616910595484901014e+00
1.598697938843944177e+00
1.499117111440976924e+00
1.500563560293936449e+00
1.510666440779989017e+00
1.521707202428131289e+00
1.533851886032317591e+00
1.543640139722967097e+00
1.546001461914118469e+00
1.548649508050450097e+00
1.551593071846100180e+00
1.554842274227614451e+00
1.558408729098663237e+00
1.562305745625810927e+00
1.566548576195408771e+00
1.571154722194873621e+00
1.576144313949946696e+00
1.581540587057830294e+00
1.587370485859568081e+00
1.593665437271819973e+00
1.600462356899857053e+00
1.607804978061279755e+00
1.615745639613151985e+00
1.624347742042183684e+00
1.633689205082805351e+00
1.643867477051765391e+00
1.655007044590989684e+00
1.667271166084602907e+00
1.680881164450475529e+00
1.688367358074781555e+00
1.692168551746358496e+00
1.696350367573719709e+00
1.700931235505724892e+00
1.705932503768456732e+00
1.711378967286782737e+00
2.251047273264271897e+00
2.196321115324788131e+00
2.052462817856494759e+00
2.013715277274911841e+00
1.858605602453645922e+00
1.814816527502869592e+00
1.765207821327247517e+00
1.775882953760299143e+00
1.787615882154460323e+00
1.800591941553136621e+00
1.815065462880548486e+00
1.822895839828464482e+00
1.829239920907419048e+00
1.836157191415517254e+00
1.843695755546958415e+00
1.851913526868834481e+00
1.860881061675549564e+00
1.870685573682024705e+00
1.881436794019565095e+00
1.893275834201919139e+00
1.906389183448482072e+00
1.921032035620310774e+00
1.937569929121297552e+00
1.956560174719127909e+00
1.978932806970963520e+00
2.006479454544936925e+00
2.043731816448418392e+00
2.123851802235016795e+00
1.283685321487136877e+00
1.290209642319412930e+00
1.279223374829654203e+00
1.292417705559907981e+00
1.275840733334514088e+00
1.275535111189572746e+00
1.320556343422149892e+00
1.277419622127709209e+00
1.283296746364579910e+00
1.290659420508454946e+00
1.289419267997098162e+00
1.297085281246138200e+00
1.307177342152597843e+00
1.310944848843931032e+00
1.330238987352694968e+00
1.328069024276547605e+00
1.304925063216702874e+00
1.339188031769841247e+00
1.330468699079301542e+00
1.323978569102885139e+00
1.317568272938882901e+00
1.280828973339681376e+00
1.250031571310895595e+00
1.227676113288082238e+00
1.240953512349334487e+00
1.252293660700019906e+00
1.258967519251996237e+00
1.259674698350899069e+00
1.237471001123814363e+00
1.248508057608477051e+00
1.272660860464114307e+00
1.215076810703156429e+00
1.223292118872339129e+00
1.225275592276064085e+00
1.238539710312009934e+00
1.100117106862331440e+00
1.116003796941658077e+00
1.082814420513535048e+00
1.060105851899609375e+00
1.111904672801074412e+00
1.080273209477744301e+00
1.058129258459084454e+00
1.106534248466174208e+00
1.076826364765538946e+00
1.055438328413229598e+00
1.111123252894964608e+00
1.079706576711397359e+00
1.057644707068437606e+00
1.101153960098440798e+00
1.073213509919599407e+00
1.115525477410652222e+00
1.082368766280005223e+00
1.059673681260434819e+00
1.102035440934310495e+00
1.073837432848727680e+00
1.124992204204947610e+00
1.087730557058776304e+00
1.063737268278933668e+00
1.109337391118365046e+00
1.078716742825245989e+00
1.133998375873224607e+00
1.092312572905731693e+00
1.139358364272201385e+00
1.094736616629132575e+00
1.146606368507420370e+00
1.097608657776907526e+00
1.071154188914466898e+00
1.095457062014625560e+00
1.069732679511423923e+00
1.090540410442417008e+00
1.066268470368558319e+00
1.047394648089755798e+00
1.071458477064016979e+00
1.051669290756327202e+00
1.035343607394763055e+00
1.054617056333577940e+00
1.037889077727527365e+00
1.023564888864122224e+00
1.042327026684886748e+00
1.027472047168755287e+00
1.014478993292732056e+00
1.033844922102799213e+00
1.020138961767269148e+00
1.008002334141565592e+00
1.024059860112632725e+00
1.011543821873225113e+00
1.000325621285746758e+00
1.016981798444593244e+00
1.005276989549163780e+00
9.947028477001291780e-01
1.005756779833560044e+00
9.951848681265843544e-01
1.003898828797392451e+00
1.126449951173500219e+00
1.091935058700928218e+00
1.068738434929839221e+00
1.111265446189050987e+00
1.082740509275480933e+00
1.128719184756591831e+00
1.093864314179147534e+00
1.070548540985562402e+00
1.115590465528378816e+00
1.086168180174629905e+00
1.143378729037663799e+00
1.102194604108264420e+00
