-8.942850850760101125e-12
-1.085456932911179617e+00
-1.999318760528123917e+01
-2.145327829544812914e+01
-3.141147367823112990e+00
1.726674831002945054e-01
1.723563357687578068e-01
1.775661322728435965e-01
1.713453508804012870e-01
1.732024214304818954e-01
1.756108869931725103e-01
1.765999002822525865e-01
1.796445705274345994e-01
1.799009042153816018e-01
1.814329430578970892e-01
1.776187532469702957e-01
1.856981386427783987e-01
1.835489215348430903e-01
1.801944855960276870e-01
1.863984284148104964e-01
1.821245933182532029e-01
1.856582976100779048e-01
1.915053623194803989e-01
1.905977379779194014e-01
1.867401988822992021e-01
1.935838543045710070e-01
1.931747761324791035e-01
1.925439365689450011e-01
1.980973099135786009e-01
1.986718921005183880e-01
1.915806107625505905e-01
1.990672252074547066e-01
2.038078394939024929e-01
2.047241758419394986e-01
2.066117863941220878e-01
2.124187769364113965e-01
2.118993696795941906e-01
2.136547956944258864e-01
2.162546954704661906e-01
2.185439763553082004e-01
2.155830917051733964e-01
2.265849585567084878e-01
2.229896744105797080e-01
2.274233042364409985e-01
2.292840066542294886e-01
2.329560633944489922e-01
2.373674071309070099e-01
2.352742430911503035e-01
2.425206953583395886e-01
2.482209021213905020e-01
2.496605869809060962e-01
2.487280454893462112e-01
2.510499052073362214e-01
2.487025148463251900e-01
2.514641605828947246e-01
2.513261543844578783e-01
2.496984429811286987e-01
2.517306051489888730e-01
2.492512102802725005e-01
2.518815881964934222e-01
2.529550328514483803e-01
2.526245644928178935e-01
2.543506899669540910e-01
2.482885122771874009e-01
2.524373215176691776e-01
2.550451286824937935e-01
2.516272234800271956e-01
2.555368639150800147e-01
2.506230505953079835e-01
2.546907677851462104e-01
2.556082568847695136e-01
2.538231833107809088e-01
2.566641121709267725e-01
2.544171213662727027e-01
2.535009031992735973e-01
2.508577402851228100e-01
2.561528808526907230e-01
2.513206648806485255e-01
2.595763875198531245e-01
2.585511625053411033e-01
2.589947348050234965e-01
2.573137473673725029e-01
2.593440964451318997e-01
2.606292714258099941e-01
2.585115417230851032e-01
2.617361395371107791e-01
2.616008352831494244e-01
2.595667977781880853e-01
2.631292035192848155e-01
2.587290272599315211e-01
2.608099708393538108e-01
2.593175522984548231e-01
2.629472879484112124e-01
2.617724704280371961e-01
2.651517869170958996e-01
2.624169241319275758e-01
2.662771078709754158e-01
2.632257761513677741e-01
2.619112708588516858e-01
2.631240685568626003e-01
2.662649965206604907e-01
2.666859143086698913e-01
2.669896281706117813e-01
2.669065844198127979e-01
2.675050441226464737e-01
2.675337543593778733e-01
2.710579176180701877e-01
2.706159392915895023e-01
2.695778451043195911e-01
2.722875687923317911e-01
2.719428134148053067e-01
2.739827159092104170e-01
2.767480577074579728e-01
2.740207988013491081e-01
2.736892711731879202e-01
2.746098822118566152e-01
2.756562751142637158e-01
2.778737296174205729e-01
2.752329209820328915e-01
2.808107846318604883e-01
2.828635473432792868e-01
2.809458554588923906e-01
2.803955765093459895e-01
2.816505230192637987e-01
2.853201406236792748e-01
2.850289875164359055e-01
2.829150271600757161e-01
2.857296983202864959e-01
2.863550891980652935e-01
2.855450915850478166e-01
2.894061353699001748e-01
2.912441392122889772e-01
2.893036945059929144e-01
2.915655762242639892e-01
2.892868846018734064e-01
2.919076189662392906e-01
2.912140365224080152e-01
2.955611874452594989e-01
2.927618923305455034e-01
2.928460609770873746e-01
2.897673785382277045e-01
2.952717962450944755e-01
2.971198380856495125e-01
2.978436533764327043e-01
2.949903308237893929e-01
3.007853270891615027e-01
2.995143379404260897e-01
3.009090063540220128e-01
3.003407439552714941e-01
3.039312699499934767e-01
3.041276546639095080e-01
2.992486039727885738e-01
3.041605724390358811e-01
3.042328076364523848e-01
3.055594256434566725e-01
3.069370612041563140e-01
3.084268949158179840e-01
3.063601740365518022e-01
3.112826193419488963e-01
3.120664176889191843e-01
3.110329534533922136e-01
3.113965326163515845e-01
3.113304934722229134e-01
3.179150268691470771e-01
3.167060703110258779e-01
3.200668094874484781e-01
3.187874466492255920e-01
3.242761550379102964e-01
3.246567543944067769e-01
3.242700278993587149e-01
3.261068936016905950e-01
3.245475023103118750e-01
3.287274040476070858e-01
3.348514300346979167e-01
3.360591467378563069e-01
3.379565955994314752e-01
3.363441992596788999e-01
3.410997883658598018e-01
3.413969489506885058e-01
3.456595661902672756e-01
3.462113726613061937e-01
3.501186319033622873e-01
3.486772372287270105e-01
3.539341539330275177e-01
3.539687326126320088e-01
3.612554382528725960e-01
3.594770010989845055e-01
3.628919488012590788e-01
3.641390580362640073e-01
3.619572934489220795e-01
3.664368908270538849e-01
3.704568747824676933e-01
3.670207858812248869e-01
3.748394889577459921e-01
3.787732435797458996e-01
3.774804670657677108e-01
3.758780876644152169e-01
3.776696060115127818e-01
3.789137996880401760e-01
3.772019181489165152e-01
3.832323495910264777e-01
3.843871923180052219e-01
3.833004588105397015e-01
3.934994183733874218e-01
3.887586443928374158e-01
3.913005209156389941e-01
3.902680496525914866e-01
3.940533708162641813e-01
3.984443158576977950e-01
4.020523284251961149e-01
4.003172003100020082e-01
4.024156578548990226e-01
4.071337877126326998e-01
4.164614722950470971e-01
4.138792109960153232e-01
4.184255922927733740e-01
4.210396913181420064e-01
4.224885892264169107e-01
4.290363295950032074e-01
4.250554576032347098e-01
4.340603896353821822e-01
4.354512671685761838e-01
4.415456688723448098e-01
4.420058092642862868e-01
4.491376487416121055e-01
4.432657119585863836e-01
4.491182944642773123e-01
4.548435011707513964e-01
4.476584110884458956e-01
4.489782702613476228e-01
4.511661117112297226e-01
4.561278487677354887e-01
4.561149466535732167e-01
4.614325911549990167e-01
4.622528239799121863e-01
4.672199655447686895e-01
4.673789706601617078e-01
4.726904967660269796e-01
4.740017682600766724e-01
4.735710314362723827e-01
4.810679375327974738e-01
4.799999231630280860e-01
4.803013398832539083e-01
4.849347831869051939e-01
4.877102321334649271e-01
4.934885053024807844e-01
4.901597409496598057e-01
4.932996907293509814e-01
4.887126797127400724e-01
4.972695126644758878e-01
4.958175083389280147e-01
5.013726230126805961e-01
5.029234937190844024e-01
5.027973663687691497e-01
5.077342951812293670e-01
5.087159708515301970e-01
5.118368686034472370e-01
5.147723280350191555e-01
5.179701817679666087e-01
5.140001924004993228e-01
5.227655335331604647e-01
5.264859833957256097e-01
5.254495966266365947e-01
5.312967560554266999e-01
5.326979669248157467e-01
5.334916505013537202e-01
5.328707301808177643e-01
5.326344950317527527e-01
5.327860322072387467e-01
5.264676045356079248e-01
5.289863183860336049e-01
5.253942371399077382e-01
5.310537139482480740e-01
5.244123738523815970e-01
5.265353858309609336e-01
5.241313962465659060e-01
5.249166462607488537e-01
5.278190654294426798e-01
5.223966502741560491e-01
5.209481264927280364e-01
5.162583823247711701e-01
5.156714624649363365e-01
5.192708567266267616e-01
5.105113024008188782e-01
5.130466668669926289e-01
5.101177514037088523e-01
5.114301941247174632e-01
5.046447015486948962e-01
5.070083040544081099e-01
5.051600093163216565e-01
5.054190655100573304e-01
5.018043530349173276e-01
5.095722271319357288e-01
5.006043535831631308e-01
5.005512739039484904e-01
5.020841051362395779e-01
4.991336153211003990e-01
4.947420827117569031e-01
4.990338385329287085e-01
4.950099199914316794e-01
5.027511876889081410e-01
4.951040999599364834e-01
4.959792648475381260e-01
4.957425964789672901e-01
4.964797953310474132e-01
4.957712198397584147e-01
4.916981112708107005e-01
4.913529798647808811e-01
4.948181616423578122e-01
4.949141829895352118e-01
4.951883570230328768e-01
4.932578658596183940e-01
4.973954539146991927e-01
4.962610807972968052e-01
4.926324754139326800e-01
4.948465516652224006e-01
4.921876446730208965e-01
4.819208226837338183e-01
4.849606926806561136e-01
4.817351828665510927e-01
4.762141593559329755e-01
4.737578878930032156e-01
4.726251673708323775e-01
4.694316455160157942e-01
4.664910735686428889e-01
4.625097743911822934e-01
4.612006903806207814e-01
4.554951854248251997e-01
4.574522681877470909e-01
4.553397209102251209e-01
4.518854626441178857e-01
4.520092975933530099e-01
4.486582016385353144e-01
4.467915980312954227e-01
4.473807170983158943e-01
4.467956147156875724e-01
4.379067998757135149e-01
4.369802591618147103e-01
4.320608755490634723e-01
4.321090677019525095e-01
4.283621494174312261e-01
4.272420489322232839e-01
4.227187563983444973e-01
4.200595219106085798e-01
4.128434919911910805e-01
3.253644463204865001e-01
3.002123646858956274e-01
2.939461135619697019e-01
2.852235076348492160e-01
2.753023153097330922e-01
2.718242868961247005e-01
2.675985292085225065e-01
2.610958093965602966e-01
2.515125633470042255e-01
2.507621864952637725e-01
2.460999430930868870e-01
2.451799692257609908e-01
2.419956325335874958e-01
2.362922207947603936e-01
2.312334240453622902e-01
2.334712171400341874e-01
2.311419290106171975e-01
2.231336364593893007e-01
2.256508993312469902e-01
2.236282316973361994e-01
2.214061987175857948e-01
2.152102042064638066e-01
2.148221721482926061e-01
2.137979668529831900e-01
2.108701871806067107e-01
2.089828175870281912e-01
2.058402097956019972e-01
2.061036631436440891e-01
2.057923296458714080e-01
1.983584090061502048e-01
1.995360077062013071e-01
1.991644451260156101e-01
1.969111688223074974e-01
1.972097952547272881e-01
1.975523873795430874e-01
1.946054068610708065e-01
1.935519618208279002e-01
1.940255581622211123e-01
1.850712676534680967e-01
1.928381772857178933e-01
1.884542093791810036e-01
1.890173393324227902e-01
1.891471072872603076e-01
1.834933196370882869e-01
1.874299162990157863e-01
1.789345884672375042e-01
1.890101535369461960e-01
1.781684916976956912e-01
1.794643451033383075e-01
1.801092486196949893e-01
1.787981020661016940e-01
1.766219231703423931e-01
1.805301393266643961e-01
1.720695889348066998e-01
1.736965901271944057e-01
1.771882350084258984e-01
1.758123578003049914e-01
1.751900289056249893e-01
1.764155615231446095e-01
1.671075231154575125e-01
1.745379807735200073e-01
1.682305343511620033e-01
1.717490634155524887e-01
1.742670518482410114e-01
1.706007568836394039e-01
1.679918132379067119e-01
1.640905769588789920e-01
1.646977354237912083e-01
1.663948637547014997e-01
1.640000000000000069e-01
1.665735543999165014e-01
1.655457626617070077e-01
1.640000000000000069e-01
1.640000000000000069e-01
1.649401424105934044e-01
1.658626563207571958e-01
1.640000000000000069e-01
1.640000000000000069e-01
1.640000000000000069e-01
1.640000000000000069e-01
1.640000000000000069e-01
1.640000000000000069e-01
1.640000000000000069e-01
1.640000000000000069e-01
1.640000000000000069e-01
1.640000000000000069e-01
1.640000000000000069e-01
1.640000000000000069e-01
1.640000000000000069e-01
1.640000000000000069e-01
1.640000000000000069e-01
1.640000000000000069e-01
1.640000000000000069e-01
1.640000000000000069e-01
1.640000000000000069e-01
1.640000000000000069e-01
1.640000000000000069e-01
1.640000000000000069e-01
1.640000000000000069e-01
1.640000000000000069e-01
1.640000000000000069e-01
1.640000000000000069e-01
1.640000000000000069e-01
1.640000000000000069e-01
1.640000000000000069e-01
1.640000000000000069e-01
1.640000000000000069e-01
1.640000000000000069e-01
1.640000000000000069e-01
1.640000000000000069e-01
1.640000000000000069e-01
1.640000000000000069e-01
1.640000000000000069e-01
1.640000000000000069e-01
1.640000000000000069e-01
1.640000000000000069e-01
1.640000000000000069e-01
1.640000000000000069e-01
1.640000000000000069e-01
1.640000000000000069e-01
1.640000000000000069e-01
1.640000000000000069e-01
1.640000000000000069e-01
1.640000000000000069e-01
1.640000000000000069e-01
1.640000000000000069e-01
1.640000000000000069e-01
1.640000000000000069e-01
1.640000000000000069e-01
1.640000000000000069e-01
1.640000000000000069e-01
1.640000000000000069e-01
1.640000000000000069e-01
1.640000000000000069e-01
1.640000000000000069e-01
1.640000000000000069e-01
1.640000000000000069e-01
1.640000000000000069e-01
1.640000000000000069e-01
1.640000000000000069e-01
1.640000000000000069e-01
1.640000000000000069e-01
1.640000000000000069e-01
1.640000000000000069e-01
1.640000000000000069e-01
1.640000000000000069e-01
1.640000000000000069e-01
1.640000000000000069e-01
1.640000000000000069e-01
1.640000000000000069e-01
1.640000000000000069e-01
1.640000000000000069e-01
1.640000000000000069e-01
1.640000000000000069e-01
1.640000000000000069e-01
1.640000000000000069e-01
1.640000000000000069e-01
1.640000000000000069e-01
1.640000000000000069e-01
1.640000000000000069e-01
1.640000000000000069e-01
1.640000000000000069e-01
1.640000000000000069e-01
1.640000000000000069e-01
1.640000000000000069e-01
1.640000000000000069e-01
1.640000000000000069e-01
1.640000000000000069e-01
1.640000000000000069e-01
1.640000000000000069e-01
1.640000000000000069e-01
1.640000000000000069e-01
1.640000000000000069e-01
1.640000000000000069e-01
1.640000000000000069e-01
1.661205869899927967e-01
1.665566577518468871e-01
1.643695433159106101e-01
1.668544601585149889e-01
1.688560773748964128e-01
1.669944673902619137e-01
1.697798964419622025e-01
1.669620405902207949e-01
1.713130492014917072e-01
1.706977726566830944e-01
1.698844072684977946e-01
1.737295387893227072e-01
1.716954511047847909e-01
1.729185453825816954e-01
1.750570784853565098e-01
1.736037737399213077e-01
1.729611788830389130e-01
1.760812079285880016e-01
1.750946790278120890e-01
1.764839841520675912e-01
1.765448269400093917e-01
1.793761472957962899e-01
1.790461038787327930e-01
1.812362460191035973e-01
1.787331762178694938e-01
1.795345922486664136e-01
1.824204969439608970e-01
1.829821418200988092e-01
1.804134935779997118e-01
1.854265062583561885e-01
1.877112140467455115e-01
1.859511848038978010e-01
1.894974089533150996e-01
1.918259747476767918e-01
1.901930322210954039e-01
1.926361126395194912e-01
1.963379764941300953e-01
1.927808280042749012e-01
1.917316848137110008e-01
2.000313340149512953e-01
1.955878173537506093e-01
1.998488456855574968e-01
1.996037426023292982e-01
2.026748116407305067e-01
1.972122938797946923e-01
2.050643999153290986e-01
2.047947369318225130e-01
2.105338797130726913e-01
2.066462855693821932e-01
2.011411534441694959e-01
2.082641696754850003e-01
2.035977532023885983e-01
1.969686658247394029e-01
2.017879435580428038e-01
1.983334926797782893e-01
1.959987876060690914e-01
1.984452442074851886e-01
1.948265667171746873e-01
1.924714376809265048e-01
1.912614545988965131e-01
1.909146722901312876e-01
1.859360398936968917e-01
1.929367007039395898e-01
1.868921624684085903e-01
1.850147338413239972e-01
1.813184308357418117e-01
1.853402678784372981e-01
1.803842126696857950e-01
1.843426587089506963e-01
1.782163200024698135e-01
1.800577714699738985e-01
1.746565292704506112e-01
1.783252798124587979e-01
1.785891737319333095e-01
1.777214856623668959e-01
1.732137980448942016e-01
1.706527481926848056e-01
1.763013949609651132e-01
1.732347320800078083e-01
1.714739410885509074e-01
1.674190908170730130e-01
1.709613648270376929e-01
1.703099440109260010e-01
1.705583763489665894e-01
1.687498676515198082e-01
1.707870105336981026e-01
1.669370336163205071e-01
1.704721471490965867e-01
1.666873246147365928e-01
1.658470154037504085e-01
1.640000000000000069e-01
1.640000000000000069e-01
1.641608928033106984e-01
1.640000000000000069e-01
1.640000000000000069e-01
1.640000000000000069e-01
1.640000000000000069e-01
1.640000000000000069e-01
1.640000000000000069e-01
1.640000000000000069e-01
1.640000000000000069e-01
1.640000000000000069e-01
1.640000000000000069e-01
1.640000000000000069e-01
1.640000000000000069e-01
1.640000000000000069e-01
1.640000000000000069e-01
1.640000000000000069e-01
1.640000000000000069e-01
1.640000000000000069e-01
1.640000000000000069e-01
1.640000000000000069e-01
1.640000000000000069e-01
1.640000000000000069e-01
1.640000000000000069e-01
1.640000000000000069e-01
1.640000000000000069e-01
1.640000000000000069e-01
1.640000000000000069e-01
1.640000000000000069e-01
1.640000000000000069e-01
1.640000000000000069e-01
1.640000000000000069e-01
1.640000000000000069e-01
1.640000000000000069e-01
1.640000000000000069e-01
1.640000000000000069e-01
1.640000000000000069e-01
1.640000000000000069e-01
1.640000000000000069e-01
1.640000000000000069e-01
1.640000000000000069e-01
1.640000000000000069e-01
1.640000000000000069e-01
1.640000000000000069e-01
1.640000000000000069e-01
1.640000000000000069e-01
1.640000000000000069e-01
1.640000000000000069e-01
1.640000000000000069e-01
1.640000000000000069e-01
1.640000000000000069e-01
1.640000000000000069e-01
1.640000000000000069e-01
1.640000000000000069e-01
1.640000000000000069e-01
1.640000000000000069e-01
1.640000000000000069e-01
1.640000000000000069e-01
1.640000000000000069e-01
1.640000000000000069e-01
1.640000000000000069e-01
1.640000000000000069e-01
1.640000000000000069e-01
1.640000000000000069e-01
1.640000000000000069e-01
1.640000000000000069e-01
1.640000000000000069e-01
1.640000000000000069e-01
1.640000000000000069e-01
1.640000000000000069e-01
1.640000000000000069e-01
1.640000000000000069e-01
1.640000000000000069e-01
1.640000000000000069e-01
1.640000000000000069e-01
1.640000000000000069e-01
1.640000000000000069e-01
1.640000000000000069e-01
1.640000000000000069e-01
1.640000000000000069e-01
1.640000000000000069e-01
1.640000000000000069e-01
1.640000000000000069e-01
1.640000000000000069e-01
1.640000000000000069e-01
1.640000000000000069e-01
1.640000000000000069e-01
1.640000000000000069e-01
1.640000000000000069e-01
1.640000000000000069e-01
1.640000000000000069e-01
1.640000000000000069e-01
1.640000000000000069e-01
1.640000000000000069e-01
1.640000000000000069e-01
1.640000000000000069e-01
1.640000000000000069e-01
1.640000000000000069e-01
1.640000000000000069e-01
1.640000000000000069e-01
1.640000000000000069e-01
1.640000000000000069e-01
1.640000000000000069e-01
1.640000000000000069e-01
1.640000000000000069e-01
1.640000000000000069e-01
1.640000000000000069e-01
1.640000000000000069e-01
1.640000000000000069e-01
1.640000000000000069e-01
1.640000000000000069e-01
1.640000000000000069e-01
1.640000000000000069e-01
1.640000000000000069e-01
1.640000000000000069e-01
1.640000000000000069e-01
1.663710287617228001e-01
1.640000000000000069e-01
1.640000000000000069e-01
1.640000000000000069e-01
1.664277485295501957e-01
1.670332738884935941e-01
1.696996073332248112e-01
1.640000000000000069e-01
1.667995724890287967e-01
1.688628382560870000e-01
1.724241434733010947e-01
1.703065124358608962e-01
1.671130404621475052e-01
1.695317569374495958e-01
1.735251923916995009e-01
1.784122429725971126e-01
1.742146094362901909e-01
1.668918916370694117e-01
1.758085575317721028e-01
1.749974986678705935e-01
1.809558089703046935e-01
1.753801260155938013e-01
1.792939324824752989e-01
1.791522582667434138e-01
1.780091366125194086e-01
1.790877680902641100e-01
1.844617797953196081e-01
1.882637675751611950e-01
1.861892598483697037e-01
1.863401623530044071e-01
1.896736024222225869e-01
1.934100335867638132e-01
1.871627524602443027e-01
1.906164535409987926e-01
1.964127691804528897e-01
1.987065799406181887e-01
1.981178090033245964e-01
1.944444630179129885e-01
1.977568956964959046e-01
1.989131432411131994e-01
1.990260291164462070e-01
1.995145162770939895e-01
2.049440433171428877e-01
2.086757186938593966e-01
2.072945442552996120e-01
2.077228253043350015e-01
2.083889048127451904e-01
2.173307785328333075e-01
2.142603371089006059e-01
2.144342082021570006e-01
2.185934769523011079e-01
2.209806624954968046e-01
2.294770538464389886e-01
2.300629010939369001e-01
2.328891846805984100e-01
2.367405634418262017e-01
2.350433563459727870e-01
2.429554802710184869e-01
2.501911084899398063e-01
2.464006843935795943e-01
2.504630290209899912e-01
2.578569778944979074e-01
2.642128921630788052e-01
2.649750370751871031e-01
2.728128125227958223e-01
2.826082014038420187e-01
2.930924937391132246e-01
3.044846858007191903e-01
3.079731168741294267e-01
3.106102747494584038e-01
3.141290169337699889e-01
3.135081157708139998e-01
3.074113406237347079e-01
3.144328708859561172e-01
3.087818697011914804e-01
3.095133751184965254e-01
3.148513345259358887e-01
3.147285944738154040e-01
3.158236142065907748e-01
3.190304323279903875e-01
3.175747495859839731e-01
3.165903242482862034e-01
3.174217466636463092e-01
3.211672461174676085e-01
3.217663005481189997e-01
3.161687535530217086e-01
3.163860610628562164e-01
3.200022454904921099e-01
3.172876501991622744e-01
3.167350099311366241e-01
3.240737439626413807e-01
3.229803413836336845e-01
3.239340372542960922e-01
3.228848515235013816e-01
3.228013254483322880e-01
3.330379014391153802e-01
3.175917635279417728e-01
3.282201342358324059e-01
3.290617922421533170e-01
3.288831282979768900e-01
3.336868173507376856e-01
3.360381646927197985e-01
3.308400786642473057e-01
3.289463182351030079e-01
3.304216383715604111e-01
3.377505914902235729e-01
3.348017920335644160e-01
3.403931113317916202e-01
3.391634200896397888e-01
3.373613628590914071e-01
3.504888186508667847e-01
3.458603020322291166e-01
3.427508555364723875e-01
3.469485692203196914e-01
3.507511859292067880e-01
3.492234809154340924e-01
3.528261245788938960e-01
3.533032424697465923e-01
3.536428581735535093e-01
3.533248863062993239e-01
3.532833833916241839e-01
3.503376886534868007e-01
3.461547233243765231e-01
3.558824564225300247e-01
3.471626714643004097e-01
3.575248430973613778e-01
3.550267005904265138e-01
3.500102686200260993e-01
3.457762492277767774e-01
3.379567567466487121e-01
3.286606755035114125e-01
3.206343281257170164e-01
3.190405895255726265e-01
3.078468029906005210e-01
3.098738200364555828e-01
3.045233457574719194e-01
2.955756072506092180e-01
2.895259415260924007e-01
2.867336255397899825e-01
2.849542088805763762e-01
2.819207094695284077e-01
2.811212599558065017e-01
2.789664168543937728e-01
2.750186214171850829e-01
2.721224033147779942e-01
2.707349019990035743e-01
2.660486741726583726e-01
2.609345646592405865e-01
2.614110709993135995e-01
2.616039368768148798e-01
2.529481528970277115e-01
2.533281420412925034e-01
2.492385796301515022e-01
2.457391071887412015e-01
2.424376328186599872e-01
2.438359544238608012e-01
2.373309060195044895e-01
2.380701054659278004e-01
2.352144764243211950e-01
2.339034682833897871e-01
2.299680324899298911e-01
2.277224672950121931e-01
2.260923564301574873e-01
2.237387505989494874e-01
2.218554341511932981e-01
2.174955447336346936e-01
2.173468711304523959e-01
2.164260844492288116e-01
2.120523301086227885e-01
2.154147067273068095e-01
2.097319714923754075e-01
2.066501452829981877e-01
2.046048333064613978e-01
2.055655513030681947e-01
2.023677438922661942e-01
2.030089383007455950e-01
2.037098396127637878e-01
1.997452518491497075e-01
1.966687082603953973e-01
1.969252002762129916e-01
1.964686792557454875e-01
1.961509901398177103e-01
1.927053171154216871e-01
1.903694782339589997e-01
1.916586798129454039e-01
1.921365377104740924e-01
1.914428760746822999e-01
1.857982376862354068e-01
1.850250045436394875e-01
1.855070067026826086e-01
1.872416886948231052e-01
1.843458457302641906e-01
1.796039589593406982e-01
1.829541212008176099e-01
1.817517618273888080e-01
1.822981438747847127e-01
1.779267413989880087e-01
1.792525087655885974e-01
1.750405689839059087e-01
1.786603242655183943e-01
1.774862013734752053e-01
1.710521614384085953e-01
1.754207526238920067e-01
1.740678997541136031e-01
1.746937599279813902e-01
1.709698662227052135e-01
1.704529009395003014e-01
1.725780463266347875e-01
1.729181843348006897e-01
1.689808834742873023e-01
1.687168268416966987e-01
1.674054296437330058e-01
1.640000000000000069e-01
1.701268621140560877e-01
1.669176293987955917e-01
1.640000000000000069e-01
1.659214884481516050e-01
1.643059054707576017e-01
1.640000000000000069e-01
1.640000000000000069e-01
1.640000000000000069e-01
1.640000000000000069e-01
1.640000000000000069e-01
1.640000000000000069e-01
1.640000000000000069e-01
1.640000000000000069e-01
1.640000000000000069e-01
1.640000000000000069e-01
1.640000000000000069e-01
1.640000000000000069e-01
1.640000000000000069e-01
1.640000000000000069e-01
1.640000000000000069e-01
1.640000000000000069e-01
1.640000000000000069e-01
1.640000000000000069e-01
1.640000000000000069e-01
1.640000000000000069e-01
1.640000000000000069e-01
1.640000000000000069e-01
1.640000000000000069e-01
1.640000000000000069e-01
1.640000000000000069e-01
1.640000000000000069e-01
1.640000000000000069e-01
1.640000000000000069e-01
1.640000000000000069e-01
1.640000000000000069e-01
1.640000000000000069e-01
1.640000000000000069e-01
1.640000000000000069e-01
1.640000000000000069e-01
1.640000000000000069e-01
1.640000000000000069e-01
1.640000000000000069e-01
1.640000000000000069e-01
1.640000000000000069e-01
1.640000000000000069e-01
1.640000000000000069e-01
1.640000000000000069e-01
1.640000000000000069e-01
1.640000000000000069e-01
1.640000000000000069e-01
1.640000000000000069e-01
1.640000000000000069e-01
1.640000000000000069e-01
1.640000000000000069e-01
1.640000000000000069e-01
1.640000000000000069e-01
1.640000000000000069e-01
1.640000000000000069e-01
1.640000000000000069e-01
1.640000000000000069e-01
1.640000000000000069e-01
1.640000000000000069e-01
1.640000000000000069e-01
1.640000000000000069e-01
1.640000000000000069e-01
1.640000000000000069e-01
1.640000000000000069e-01
1.640000000000000069e-01
1.640000000000000069e-01
1.640000000000000069e-01
1.640000000000000069e-01
1.640000000000000069e-01
1.640000000000000069e-01
1.640000000000000069e-01
1.640000000000000069e-01
1.640000000000000069e-01
1.640000000000000069e-01
1.640000000000000069e-01
1.640000000000000069e-01
1.640000000000000069e-01
1.640000000000000069e-01
1.640000000000000069e-01
1.640000000000000069e-01
1.640000000000000069e-01
1.640000000000000069e-01
1.640000000000000069e-01
1.640000000000000069e-01
1.640000000000000069e-01
1.640000000000000069e-01
1.640000000000000069e-01
1.640000000000000069e-01
1.640000000000000069e-01
1.640000000000000069e-01
1.640000000000000069e-01
1.640000000000000069e-01
1.640000000000000069e-01
1.640000000000000069e-01
1.640000000000000069e-01
1.640000000000000069e-01
1.640000000000000069e-01
1.640000000000000069e-01
1.640000000000000069e-01
1.640000000000000069e-01
1.640000000000000069e-01
1.640000000000000069e-01
1.640000000000000069e-01
1.640000000000000069e-01
1.640000000000000069e-01
1.640000000000000069e-01
1.640000000000000069e-01
1.640000000000000069e-01
1.640000000000000069e-01
1.640000000000000069e-01
1.640000000000000069e-01
1.640000000000000069e-01
1.640000000000000069e-01
1.640000000000000069e-01
1.640000000000000069e-01
1.640000000000000069e-01
1.640000000000000069e-01
1.640000000000000069e-01
1.640000000000000069e-01
1.640000000000000069e-01
1.640000000000000069e-01
1.640000000000000069e-01
1.640000000000000069e-01
1.640000000000000069e-01
1.640000000000000069e-01
1.640000000000000069e-01
1.640000000000000069e-01
1.640000000000000069e-01
1.640000000000000069e-01
1.640000000000000069e-01
1.640000000000000069e-01
1.653023153359259867e-01
1.668515659826637076e-01
1.640000000000000069e-01
1.650247524220269935e-01
1.662263703024040862e-01
1.657321211020909013e-01
1.699973688704281005e-01
1.672495372900550115e-01
1.713070392918321083e-01
1.738866651282797993e-01
1.724346134141589992e-01
