3.059917168029478995e-01
1.034942364201047127e+00
1.154478835403874371e+01
1.703656230875609268e+01
3.138581829149424074e+00
9.018103023791995687e-01
9.444379098715227627e-01
9.223045943560059801e-01
9.131491498936470386e-01
9.527844725959260241e-01
9.417421578545072114e-01
9.453525369786448529e-01
9.308183365911996132e-01
9.501177959371444048e-01
9.363225908841458223e-01
9.551635402406394304e-01
9.412190820354896514e-01
9.809501060756535828e-01
9.280469894779279638e-01
9.626828222124171885e-01
9.871824240274770235e-01
9.321932560915415777e-01
9.502996317422227612e-01
9.472407013261535669e-01
9.544279730063257583e-01
9.621237968860691936e-01
9.703986699420695805e-01
9.793419464664891994e-01
9.890697715273285562e-01
9.997379225691072069e-01
1.011563883604096770e+00
1.024867868785497960e+00
1.040157578101819968e+00
1.058332377441275174e+00
1.081314529491142817e+00
1.115347897989580783e+00
1.128210032000680485e+00
1.126706202939305790e+00
1.108722521842627096e+00
1.127006091477814831e+00
1.102200652575111794e+00
1.102704227375524093e+00
1.105905279019574472e+00
1.103442817423545108e+00
1.101102628110852022e+00
1.100585283441295914e+00
1.102399603254486493e+00
1.129214399750620768e+00
1.120353220544405115e+00
1.142534516256116017e+00
1.089325424969898481e+00
1.154277030908186008e+00
1.123573756531066614e+00
1.099801988286030374e+00
1.080167896250507908e+00
1.121577673438098888e+00
1.090106553251184884e+00
1.065018042743582694e+00
1.094503401007499210e+00
1.114393241408033308e+00
1.116486862889568332e+00
1.109727560155924886e+00
1.115784743354744313e+00
1.089658751654160485e+00
1.095181537433931096e+00
1.132653560592594477e+00
1.109955844151770732e+00
1.093319426608456491e+00
1.118315395160207837e+00
1.124569363342436956e+00
1.155649107410187115e+00
1.200454254244418317e+00
1.190274635040468487e+00
1.228910721216460944e+00
1.216420246204214406e+00
1.209886511948938814e+00
1.209162937944668448e+00
1.197538569719123647e+00
1.198800626751366005e+00
1.184832063207909236e+00
1.222547796712375678e+00
1.224776267127823504e+00
1.264783427975041175e+00
1.263976861108561778e+00
1.256480871433233171e+00
1.245659380678213690e+00
1.265124211792524322e+00
1.276826921482013377e+00
1.279388655371385575e+00
1.299327220521752757e+00
1.292012058165808330e+00
1.317476663505732448e+00
1.322248891743873278e+00
1.313555429516081841e+00
1.332316263815853219e+00
1.340886313848735689e+00
1.326539951477243351e+00
1.398356153370438948e+00
1.402702336213544898e+00
1.407373288407508971e+00
1.412388091164414883e+00
1.417768642832474946e+00
1.423540209271467072e+00
1.429732127196271518e+00
1.436378715553396024e+00
1.443520475197207498e+00
1.451205696674325196e+00
1.459492659833392381e+00
1.468452715832870403e+00
1.482063704050994302e+00
1.488771685726455019e+00
1.500390958009756304e+00
1.513230985523515093e+00
1.527570194224046052e+00
1.543821286074457788e+00
1.562645071167195310e+00
1.585231036149120198e+00
1.613458050922892628e+00
1.622275807506708301e+00
1.631859303537697592e+00
1.642313301668875125e+00
1.653772647339986079e+00
1.662902686146064291e+00
1.671904744697245704e+00
1.681705298770118873e+00
1.692415254048500906e+00
1.704178035549146042e+00
1.717184635444690466e+00
1.731699098406028314e+00
1.748104980682924969e+00
1.766998843905709382e+00
1.789406908154509424e+00
1.817412136769843922e+00
1.856948830328574385e+00
1.891215038582108487e+00
1.920145282217781135e+00
1.961243335837103974e+00
1.973262643915706827e+00
1.980581196273759614e+00
1.799269653542556080e+00
1.830227850448935989e+00
1.874000260549999020e+00
1.899265910179227967e+00
1.932227852312445648e+00
1.986363774620674816e+00
1.965422128756154407e+00
1.957036043217105670e+00
1.999424962405031980e+00
2.027516126806998109e+00
2.065876787230179090e+00
2.203433887667731739e+00
2.234894756591761844e+00
2.280218451427388437e+00
2.318102962623072916e+00
2.331505235830452438e+00
2.127471081061139913e+00
2.195392721879089404e+00
2.191258974857452912e+00
2.188488442981848969e+00
2.165565102289832122e+00
2.129910430663435772e+00
2.210181734814485210e+00
2.151591176233413893e+00
2.129772396242323840e+00
2.223007172327860825e+00
2.154764288295564878e+00
2.125390106686671832e+00
2.205475124971430390e+00
2.143825403549751929e+00
2.112273498353849366e+00
2.171014155829334769e+00
2.135128984665415786e+00
2.099639485812681006e+00
2.148724687600126249e+00
2.108188808590141683e+00
2.168584409865566442e+00
2.125227047409804282e+00
2.032348483813674278e+00
2.067444213207836334e+00
2.102875737196890249e+00
2.164614374924147988e+00
2.112906756577046075e+00
2.080452881968866130e+00
2.124660155533523387e+00
2.092602276639817127e+00
2.148570950322444162e+00
2.098546409000617619e+00
2.166070821141855784e+00
2.106349510178648909e+00
2.173241129408523875e+00
2.127316932077002676e+00
2.133287677364833268e+00
2.157605044258755989e+00
2.107714496839357743e+00
2.087885842765397015e+00
2.146422652673605214e+00
2.124011095582318820e+00
2.154253455483657209e+00
2.111088442836549284e+00
2.119475622263510495e+00
2.126849474213452051e+00
2.082199371207844152e+00
2.159220484341444202e+00
2.084896363954655829e+00
2.090305096631741577e+00
2.128382936203128128e+00
2.105458898140996293e+00
2.066026513828826072e+00
2.128008139846786939e+00
2.093860048893668946e+00
2.114376589348076152e+00
2.142074786057345914e+00
2.179037066773548581e+00
2.249009239729786724e+00
2.231207498501527997e+00
2.278111596194863697e+00
2.268137382253073042e+00
2.261527637508454536e+00
2.231888326255736299e+00
2.226543065272132971e+00
2.295025457172902517e+00
2.261645053791982107e+00
2.245376039115033695e+00
2.246491601850868047e+00
2.253026728773470211e+00
2.264964110475584214e+00
2.287993351006501364e+00
2.349437847202723972e+00
2.321479499254825996e+00
2.339828725158584533e+00
2.369555653737153822e+00
2.352391492519636529e+00
2.094233979763397979e+00
2.164356570908337218e+00
2.222259674095568016e+00
2.226677871565549083e+00
2.194716950785510878e+00
2.187984288742479411e+00
2.236673518901203472e+00
2.233730496052101611e+00
2.250718711857069732e+00
2.284938026829744118e+00
2.338112504369561861e+00
2.327357033773620909e+00
2.291578682130559041e+00
2.316270635385253129e+00
2.354363554118901636e+00
2.306899824596181592e+00
2.307008256583622519e+00
2.242741765662656039e+00
2.198611967607944973e+00
2.183797036317030926e+00
2.193362768057859125e+00
2.164512929958581910e+00
2.147406261188708587e+00
2.221355066653524446e+00
2.196319378879585837e+00
2.161859479647304294e+00
2.178399120255066990e+00
2.165762278486520476e+00
2.153703950355018826e+00
2.213187367600071731e+00
2.170824704568306007e+00
2.197039641208411442e+00
2.238523502278234822e+00
2.271927675396607782e+00
2.246448727470760076e+00
2.258235892737820549e+00
2.142895719755308459e+00
2.184563495378450515e+00
2.138130804549592590e+00
2.155971729889222921e+00
2.137423857330555066e+00
2.147361414583707884e+00
2.118192081734478815e+00
2.140244473418728699e+00
2.088741003473877811e+00
2.133055258893345130e+00
2.083103737716798243e+00
2.116649174348128160e+00
2.088004923789130718e+00
2.112685094896284088e+00
2.068844108243833801e+00
2.106445080113175994e+00
2.063694028690553406e+00
2.098922912548442543e+00
2.094778616723809606e+00
2.091688050066443871e+00
2.140745839688066532e+00
2.076075762948816017e+00
2.121385032922268543e+00
2.066194450646991143e+00
2.104649808252213816e+00
2.055738633683650285e+00
2.085158182461753551e+00
2.063482068216046184e+00
2.069828289412404043e+00
2.109598579965672460e+00
2.052993872133141107e+00
2.077981252202860674e+00
2.126243520517663743e+00
2.067513445068605016e+00
2.079569303632946564e+00
2.070858315351443490e+00
2.062787570048158603e+00
2.021046410520372927e+00
2.047955866991509222e+00
2.084120236196623122e+00
2.047694636637793941e+00
2.068429835660870797e+00
2.020213261437135976e+00
2.054978263359975799e+00
2.010857732146519528e+00
2.042078772796196873e+00
2.040070954839818373e+00
2.030700213386735786e+00
2.067904903194131006e+00
2.013315656448266822e+00
2.049282953921628625e+00
2.002245665577493394e+00
2.025275310244783800e+00
2.042151777543304014e+00
2.076839094773772931e+00
2.008751093961202105e+00
2.026808529926621638e+00
2.048917371374685104e+00
1.997196939243508051e+00
2.005043721328167550e+00
2.014196096409405001e+00
2.160246844996656090e+00
2.174527730979129103e+00
2.163306526790826023e+00
2.207756540792086053e+00
2.225038778979924636e+00
2.199202572062668004e+00
2.228540388754927548e+00
2.200804502450412148e+00
2.227829057375771971e+00
2.164741711577201855e+00
2.180857141217019901e+00
2.185404825963969344e+00
2.222555590433969552e+00
2.163644377529644114e+00
2.128480940697198065e+00
2.101687159501765656e+00
2.102818707056677283e+00
2.060869015334629850e+00
2.044453688120792645e+00
2.043185371412617357e+00
2.055242457346157181e+00
2.041138794099255804e+00
2.017096011602474537e+00
2.090919205262403047e+00
2.083550840154832162e+00
2.096981170105540748e+00
2.110322208604009653e+00
2.046234923150761276e+00
2.396475335434506082e+00
2.388538379359641084e+00
2.376401514398458925e+00
2.383559860596020652e+00
2.336601092714556405e+00
2.324971254995892078e+00
2.345913938323876735e+00
2.369399419861836886e+00
2.371166862334876058e+00
2.279640669752473148e+00
2.240052696487206951e+00
2.210939801637233693e+00
2.187387608129954142e+00
2.167469602302272147e+00
1.915135295159957174e+00
1.788449039133543028e+00
2.052418909900382449e+00
2.026991589737317856e+00
2.114933127760889153e+00
2.026864516767088897e+00
2.052426625082816258e+00
2.088722176912960027e+00
2.060825145898153021e+00
2.103349098816563512e+00
2.096393410414928216e+00
2.036814762472718421e+00
2.002148174500840039e+00
2.127160307607713019e+00
2.052727970782799893e+00
2.133663267902082605e+00
2.135361359072154741e+00
2.060838145689883216e+00
2.067139568940085770e+00
2.074815176661519711e+00
2.089314582241912799e+00
2.108771490678360117e+00
2.148540828511463108e+00
2.073069699177488623e+00
2.089690862221313061e+00
2.047566903608442956e+00
2.104350062170821989e+00
2.058059303564288012e+00
2.026804578297556336e+00
2.002227596213854266e+00
2.104712803791629394e+00
2.140702925031631398e+00
2.079941836942902356e+00
2.102619252617231815e+00
2.129797003191875149e+00
2.148524098764865276e+00
2.086106041310354264e+00
2.101786566571108850e+00
2.135287185347825023e+00
2.082026024673770515e+00
2.102970781040646830e+00
2.143045684930584116e+00
2.087202232244958822e+00
2.116685477964542095e+00
2.073401485277589718e+00
2.043174813494630371e+00
2.019151191382490662e+00
2.154230815703851221e+00
2.095522642055530405e+00
2.120782841230648419e+00
2.155262145208798330e+00
2.097557878832367440e+00
2.117166661640392800e+00
2.143749255175951163e+00
2.179700759615054384e+00
2.109033901590995796e+00
2.072194633166564603e+00
2.182706980786806028e+00
2.111952526139170505e+00
2.126180062496375811e+00
2.145783561623441305e+00
2.174003892604703392e+00
2.112135354876394810e+00
2.125289149541139011e+00
2.140746063196397930e+00
2.150060500656909124e+00
2.163661614651359866e+00
2.176309220435977743e+00
2.118089320067995107e+00
2.217834216576016981e+00
2.132565849893667931e+00
2.094354096400572018e+00
2.150444127151363460e+00
2.156439627714864748e+00
2.155947373421177815e+00
2.111623577506203997e+00
2.080893780320466568e+00
2.164875164195628088e+00
2.165356478380727534e+00
2.164284068848304265e+00
2.232198272622627488e+00
2.197684975791075246e+00
2.186480771132684797e+00
2.180920291183512383e+00
2.168908539793451773e+00
2.191114786962244043e+00
2.139463130383392642e+00
2.106235771964920733e+00
2.080475852026668626e+00
2.059134433191585956e+00
2.040830266504487067e+00
1.964621048251897539e+00
1.922688774752211893e+00
1.915904489509462794e+00
1.987055099492526455e+00
1.942322703384674387e+00
1.957955505627199111e+00
1.973364887691412051e+00
1.990872752649382793e+00
2.011149681907136610e+00
2.035364652525954110e+00
2.065947514457496581e+00
2.102067574413494011e+00
2.144220547809767119e+00
1.472555017000914290e+00
1.490876439458278302e+00
1.512807427685031625e+00
1.540821112448805819e+00
1.565361160408759389e+00
1.577595662042190483e+00
1.591175799179242345e+00
1.606426890367279814e+00
1.623842898662648970e+00
1.644243224290770966e+00
1.669190407352199035e+00
1.702549596705625223e+00
1.767285757714671446e+00
1.778046660526249267e+00
1.789534066859348238e+00
1.802219631981432091e+00
1.816339528236124101e+00
1.832229387787156050e+00
1.850395400526353651e+00
1.871668795062972013e+00
1.897608415659718384e+00
1.931940521122092358e+00
1.973185294475853002e+00
1.989079563056077582e+00
2.007210963298955431e+00
2.028337930148581325e+00
2.053826981223015213e+00
2.086697522946001637e+00
2.137831993697627997e+00
9.594507835971287646e-01
9.337648657401840246e-01
9.449620677613269626e-01
9.411778076323592535e-01
9.652269424811044107e-01
9.462457459209208110e-01
9.455253600589281771e-01
9.431166170393989745e-01
9.338615390153703899e-01
9.530161993722999769e-01
9.227671610122427648e-01
9.391652102044729666e-01
9.462313619107276530e-01
9.603662917920755548e-01
9.663329098920003801e-01
9.716866917525995850e-01
9.773534024550112331e-01
9.833607836783008205e-01
9.897413820029216103e-01
9.965337864590435579e-01
1.003784311908554994e+00
1.011549342252768824e+00
1.019898680796388346e+00
1.028920494712634692e+00
1.038728894117737944e+00
1.049476100250090305e+00
1.061373146517951893e+00
1.074727829431409099e+00
1.090021650257404939e+00
1.108090003357455222e+00
1.130652727440526029e+00
1.162770823559904798e+00
1.213707081426663947e+00
1.216819553154440348e+00
1.220156571739533513e+00
1.223727740536247000e+00
1.227543830255764856e+00
1.231616948392154409e+00
1.235960744442555992e+00
1.240590660410455071e+00
1.245524239237764563e+00
1.250781508244634077e+00
1.256385460985064428e+00
1.262362670127925357e+00
1.278109662841805605e+00
1.302931100848909063e+00
1.339127219216587061e+00
1.399584755450020479e+00
1.404023350713166307e+00
1.408791988983620458e+00
2.186217013102624396e+00
2.129740001498436452e+00
2.095289823956500985e+00
2.068913765737554478e+00
2.047185293063205958e+00
2.028607672052699762e+00
2.012365296788434232e+00
1.997954867359578834e+00
1.985039694949580102e+00
1.973381389881867065e+00
1.962803912281455565e+00
1.953172999606118454e+00
1.944383617116513641e+00
1.936351906720307658e+00
1.729124234738617982e+00
1.682866836199164107e+00
1.653132022101148957e+00
1.630007604095968787e+00
1.624973387673490199e+00
1.634797530432459567e+00
1.645527720019785978e+00
1.656948271186857502e+00
1.665437881730049918e+00
1.866145119107855521e+00
1.823559000074463698e+00
1.794401179519985901e+00
1.707813735190253590e+00
1.721226490689764077e+00
1.736243192974505689e+00
1.753296313322219913e+00
1.773075521076322492e+00
1.796814373460958292e+00
1.827200487652913097e+00
1.873498543810905526e+00
1.898857359114822341e+00
1.930284687799749266e+00
1.978634947857228932e+00
1.764681459326656432e+00
1.784359413084278811e+00
1.807927578466048901e+00
1.830241230691185494e+00
1.841259133529041137e+00
1.853400827302485565e+00
1.866869263610523966e+00
1.881945841964294708e+00
1.915904489509462794e+00
1.987055099492526455e+00
1.942322703384674387e+00
1.957955505627199111e+00
1.973364887691413605e+00
1.990872752649382793e+00
2.011149681907142384e+00
2.035364652525954110e+00
2.065947514457506351e+00
2.102067574413499784e+00
2.144220547809767119e+00
1.732339842817601117e+00
1.702219884414550855e+00
1.678797036225899042e+00
1.635254831143881704e+00
1.604465873214468319e+00
1.580908967854153691e+00
1.561447236990528786e+00
1.544731428270347706e+00
1.530032256417683589e+00
1.516901949661393800e+00
1.489130920433314298e+00
1.447249479306074615e+00
1.419918901201375983e+00
1.398549607839619791e+00
1.380699485067537147e+00
1.365255776901173945e+00
1.351598938543734363e+00
1.339341528762016953e+00
1.328221925816130744e+00
1.308260072603559587e+00
1.304830665866867578e+00
1.289653676021992768e+00
1.314525247897578630e+00
1.304735983584027093e+00
1.313695989666407105e+00
1.305939145068913065e+00
1.298348778478525256e+00
1.300737016794111689e+00
1.287187338407441262e+00
1.287794848771772305e+00
1.300451384663577681e+00
1.300822384191514747e+00
1.312375908359708410e+00
1.324823681186232616e+00
1.335935153887661819e+00
1.314420329694355516e+00
1.326583132087049366e+00
1.322243093824010396e+00
1.320084489262394190e+00
1.324941284514035589e+00
1.333752873338005518e+00
1.337872534407586356e+00
1.342774114244634998e+00
1.329935316358438646e+00
1.344197554564389385e+00
1.365012533974830911e+00
1.350571353575257705e+00
1.358583205070342359e+00
1.367781245349786401e+00
1.365461529772662219e+00
1.368997073642555629e+00
1.375775932144049696e+00
1.383050499457424642e+00
1.390871421750215386e+00
1.399300106581905512e+00
1.408412164465216998e+00
1.418302425840435754e+00
1.429092518576894788e+00
1.440942815791777631e+00
1.454072306400116643e+00
1.494741340430093102e+00
1.524313027614395022e+00
1.537198937374344432e+00
1.551589925083302290e+00
1.567897677343919494e+00
1.586779874655353639e+00
1.609416095024235549e+00
1.638389021456903683e+00
1.682726950079208805e+00
1.739856003692021202e+00
1.753280207332204910e+00
1.768307807974244028e+00
1.785536262578386379e+00
1.805544155243679061e+00
1.829590445236499496e+00
1.860445577093216452e+00
1.907843045968468321e+00
1.960712052415275908e+00
1.976368472855380753e+00
2.186217013102594198e+00
2.129740001498436452e+00
2.095289823956500985e+00
2.072351071713379511e+00
2.121746554595532519e+00
2.169279374968372753e+00
2.118222560113028674e+00
2.119390122227158724e+00
2.138872075410698681e+00
2.221407466947228126e+00
2.203002486431886009e+00
2.189201963146579111e+00
2.261250625093063515e+00
2.241716078791463840e+00
2.227770525171789195e+00
2.154428124385217025e+00
2.111146076939319105e+00
2.043327137336835797e+00
2.079717338037020635e+00
2.118067362235960260e+00
2.058515505768224507e+00
2.143555620963889297e+00
2.078414716186877786e+00
2.173948272667812098e+00
2.110893217709569836e+00
2.054824500746702753e+00
2.139647192296662226e+00
2.051470061191152272e+00
2.135447879287868389e+00
2.062510674594137949e+00
2.133051396625251783e+00
2.105203481721954262e+00
2.041227855283760828e+00
2.081263332590305826e+00
2.175502707054820739e+00
2.082944433902864212e+00
2.177766221652218892e+00
2.062341427667848670e+00
2.148391562244063913e+00
2.042749859477905883e+00
2.103002197656202554e+00
2.037543045880971793e+00
2.092644283346468015e+00
2.193301665962462899e+00
2.095496875463474407e+00
2.198265057903377784e+00
2.018570697786638668e+00
2.055401580362500535e+00
2.129202453484908997e+00
2.166521540149251024e+00
2.163974620225388001e+00
2.175743963005116743e+00
2.179477325934313647e+00
2.181873969187751783e+00
2.102067574413499784e+00
2.144220547809767119e+00
1.999377207191702421e+00
2.003932105944595143e+00
2.023731534344090921e+00
2.006573577159743049e+00
2.006881122106685122e+00
2.046852460396646478e+00
2.027457395662263018e+00
1.990638824391764983e+00
2.049830481346456068e+00
2.009192033253942800e+00
1.939122868172645120e+00
1.954236348543807900e+00
1.985673475459179160e+00
2.033332091142962206e+00
1.994451421022324311e+00
2.048051994904286133e+00
2.004123576697860010e+00
2.066482993668533386e+00
2.020032928809158079e+00
1.987928504711514943e+00
2.029700938342975380e+00
1.995641840270153233e+00
2.040578080314813025e+00
1.989079563056080691e+00
2.007210963298961204e+00
2.050150056847658941e+00
2.053826981223015213e+00
2.086697522946001637e+00
2.137831993697627997e+00
2.090881573728552656e+00
2.110195433182784797e+00
2.089927887626405134e+00
2.092052817002056031e+00
2.128168648393425677e+00
2.115015090596136460e+00
2.107260555291864179e+00
2.106878918971357706e+00
2.114659761019184625e+00
2.102638205408709382e+00
1.995097312265962763e+00
1.969610996371740086e+00
2.015997611635126585e+00
1.989094184103540108e+00
2.076870752937614029e+00
2.047752988797332030e+00
2.002616330666606270e+00
2.027994491783274178e+00
2.048135195735192760e+00
2.009416394500116887e+00
1.982495802098483528e+00
2.014408451117112975e+00
2.118987189177399699e+00
2.160577044590427764e+00
2.173141477022123791e+00
2.164823341802613044e+00
2.111159337681943526e+00
2.077493973196725019e+00
2.051550754190635484e+00
1.989242661349810426e+00
2.001574422826708499e+00
1.960497551815193917e+00
1.944383756958020015e+00
1.961769904212202098e+00
2.007723351089830910e+00
1.951803216042008904e+00
1.953183073517648305e+00
1.991719574913004775e+00
1.920939210705848721e+00
2.195945693272990606e+00
2.160122127076506526e+00
2.174232294664437681e+00
2.195492693689823138e+00
2.218053810197929021e+00
2.148557699090608786e+00
2.203091683815740165e+00
2.139641155264108363e+00
2.299489966985565292e+00
2.284685989169870535e+00
2.262681461055235932e+00
2.228225602527934335e+00
2.242277866157336152e+00
2.211099864878117938e+00
2.240147396430681059e+00
2.210456497686756006e+00
2.228748332839765034e+00
2.186041730733796040e+00
2.139454779842264287e+00
2.107828276274618773e+00
2.082932987126425051e+00
2.062156962977479413e+00
2.044262466114398880e+00
2.013554427742943798e+00
2.004504491659212739e+00
1.994958195939908752e+00
2.005606941183553094e+00
2.032843542788558722e+00
2.026101144553501765e+00
1.974168273258704032e+00
2.023537651519264902e+00
2.010491271193922458e+00
2.054968929407586575e+00
2.035324710995438657e+00
1.980820240545150046e+00
1.997563988715139072e+00
2.016361361082842585e+00
2.029498452210055870e+00
2.064698865754281965e+00
1.986779036663403941e+00
2.002235203404065356e+00
2.033648265765215513e+00
1.981007464378481631e+00
2.007246048059761367e+00
2.032100768290213022e+00
2.069274186407175975e+00
2.001497394157765175e+00
2.018061372945879839e+00
2.037265632677562888e+00
2.067155057901360671e+00
2.107527723630433947e+00
2.020779659780347792e+00
2.036025114024803795e+00
2.053134981244752133e+00
2.065716118567837878e+00
2.094170936769946589e+00
2.026941257181948064e+00
2.040598840221370835e+00
2.054406465692081074e+00
2.059416178537261111e+00
2.113925013088684857e+00
2.110437574265247918e+00
2.088234645698727743e+00
2.226109628904342053e+00
2.232087064274060673e+00
2.241214076291571100e+00
2.250921489002315923e+00
2.258822734450888436e+00
2.226137919106679242e+00
2.211736980156043142e+00
2.189838300524554970e+00
2.227040094986033392e+00
2.196958503738540180e+00
2.155579779482044156e+00
2.154985416342481308e+00
2.107528880998593035e+00
2.128550649201474076e+00
2.101469025311499816e+00
2.063327355753825199e+00
2.051043337347602247e+00
2.055910290323700984e+00
2.076253307940131521e+00
2.068579240825410892e+00
2.063557583988646194e+00
2.035609692081453925e+00
2.097787203721233062e+00
2.015896614125116670e+00
2.052956487112792328e+00
2.038259306497589129e+00
2.054141661578727796e+00
2.030836573055695204e+00
2.053213716961899138e+00
2.068239142495833072e+00
2.034323105639024298e+00
2.077753660950832693e+00
2.068107747549104758e+00
2.038486435602365976e+00
1.992394476912703993e+00
1.961435987216112897e+00
1.937118146322849288e+00
1.916824854300208436e+00
1.806488703660009687e+00
1.799897776243155167e+00
1.793849059371240173e+00
1.788306132648025404e+00
1.783238072261230878e+00
1.778618480932508961e+00
1.772065226582082431e+00
1.745664804491334099e+00
1.724256567387273842e+00
1.706073810972031035e+00
1.690211034149023961e+00
1.710067319953035847e+00
2.197836845719487453e+00
2.150897497302653338e+00
2.119112559903283177e+00
2.094114295154137384e+00
2.073262859698878025e+00
2.055310068485606045e+00
2.039546696833722361e+00
2.025523453983144151e+00
2.012934309348609396e+00
1.986519714968155048e+00
1.956052087030180076e+00
1.932012577467539627e+00
1.911906836974541113e+00
1.894550395452209601e+00
1.879268670575112044e+00
1.865633659263894462e+00
1.853353477371027180e+00
1.835439675464530351e+00
1.817594218493850500e+00
1.801951436199101586e+00
1.788029783288205499e+00
1.775507668656136628e+00
1.764157619136774491e+00
1.753811727060974990e+00
1.744341917922848761e+00
1.735647932622499834e+00
1.747142754415994093e+00
1.720281830843487514e+00
1.713490796441548447e+00
1.707231675153662476e+00
1.701466679579836327e+00
1.696163717429064910e+00
1.690950319723803164e+00
1.653820378756843290e+00
1.627290613040639711e+00
1.605974865812714647e+00
1.587946227202629901e+00
1.572247999346142233e+00
1.558321625940090494e+00
1.545806970752551912e+00
1.534455600522987906e+00
1.524087517389670188e+00
1.514567354997770510e+00
1.505790292657709362e+00
1.497673234370632933e+00
1.490149028462654623e+00
1.483162536171076962e+00
1.476667873412295773e+00
1.470626424036420410e+00
1.465005376121169212e+00
1.459776622334271412e+00
1.454915919613090081e+00
1.450402237342091283e+00
1.446217245053538880e+00
1.442344905096728080e+00
1.438771145454811551e+00
1.435483594592055212e+00
1.432471364916012568e+00
1.348670380366014498e+00
1.308959504961296316e+00
1.314049091558737503e+00
1.318543596992285849e+00
1.331788901405319914e+00
1.341448858863310889e+00
1.311813783221153606e+00
1.319036460382250420e+00
1.305189928244453679e+00
1.314421506945361751e+00
1.391541196744761288e+00
1.357953035422000188e+00
1.346663696943376953e+00
1.341563320588365027e+00
1.341190544796886819e+00
1.349013676392994299e+00
1.360400198694443841e+00
1.386119274346158559e+00
1.334894417929173960e+00
1.352498791364715958e+00
1.374555599528826555e+00
1.379235454381072090e+00
1.371282345681527071e+00
1.370081051942768857e+00
1.361801006033940498e+00
1.411394774392126239e+00
1.357744697439161596e+00
1.323137228944550881e+00
1.313635532598149913e+00
1.279320625358177255e+00
1.262849041898561619e+00
1.248485977882214160e+00
1.235712046619834581e+00
1.248882904786714487e+00
1.281045567746956992e+00
1.233120551113057406e+00
1.247157139569158080e+00
1.290553771830780017e+00
1.302676783537092042e+00
1.192978268198591429e+00
1.254479738241582210e+00
1.289939631736560566e+00
1.092272858061059004e+00
1.282622573843920089e+00
1.055496021531930007e+00
1.041237702134218734e+00
1.031455311610289360e+00
1.017404537704956757e+00
1.007177908787792786e+00
9.978099821552871562e-01
1.218607360907615123e+00
1.182167268724620302e+00
1.157866683882434300e+00
1.138727184197917630e+00
1.122663978274248908e+00
1.108711715513426954e+00
1.096328430372557117e+00
1.085173462745315121e+00
1.074369131114325082e+00
1.054675317695765946e+00
1.038402420031218298e+00
1.024390821179427036e+00
1.012021703083722413e+00
1.027077651361156363e+00
9.908305097170732045e-01
9.815827544558606288e-01
9.730456129384079667e-01
9.651206367127488361e-01
9.577308215815509840e-01
9.508145859999291849e-01
9.580889752714601970e-01
9.608544467569142267e-01
9.547106641561503571e-01
9.486595250711021832e-01
9.375388259953350012e-01
9.335147954847680118e-01
9.784540630079352486e-01
9.557639282159358096e-01
9.448488438127844447e-01
9.520008607367496101e-01
9.263266503676932384e-01
9.876173529653902161e-01
1.046256768758637490e+00
1.018252343787213521e+00
9.978157616453280365e-01
9.812156697979166342e-01
9.670539050800139869e-01
9.851512830704634016e-01
9.452089029635033501e-01
9.165213990605763916e-01
9.480643420821084355e-01
9.242464731373444264e-01
9.557200720762611956e-01
9.282807941686661568e-01
9.703776728751744018e-01
9.464612126111392465e-01
9.475880267668783663e-01
9.471663230277660439e-01
9.879907989887916075e-01
9.586990167188488288e-01
9.254755423870929532e-01
