-8.942850850760101125e-12
-1.085456932911179617e+00
-1.998582074796188834e+01
-2.114934553386515859e+01
-3.141529002911917612e+00
2.903010457208594075e-01
2.903063344511058186e-01
2.903198145980249723e-01
2.903430409449193061e-01
2.903732499664984923e-01
2.904175392109374920e-01
2.904600058431174858e-01
2.905194705459214766e-01
2.905791354162515217e-01
2.906523701437461749e-01
2.907426623698076140e-01
2.908402656807834163e-01
2.909437400917725958e-01
2.910643585482914908e-01
2.911979630877009062e-01
2.913215490429963972e-01
2.914372691524166892e-01
2.915439862515201153e-01
2.916592192907520031e-01
2.917916852133604078e-01
2.919268655568275084e-01
2.920642472762715047e-01
2.922189590102705070e-01
2.923910705803728916e-01
2.925639838278312754e-01
2.927363621334713728e-01
2.929262478001388170e-01
2.931337271841729097e-01
2.933384103917009988e-01
2.935528821880893924e-01
2.937851096950775953e-01
2.940351996676698887e-01
2.942972121385192819e-01
2.945334770267619140e-01
2.947758613999557076e-01
2.950111869856106850e-01
2.952547714297036885e-01
2.955163990593602796e-01
2.957822632730129908e-01
2.960402900710584206e-01
2.963165043643741225e-01
2.965971526482392151e-01
2.968780927442067896e-01
2.971774244780455154e-01
2.974952889137931766e-01
2.978318367605625183e-01
2.981872286155760055e-01
2.985616352259674033e-01
2.989355963668092753e-01
2.993239293150011249e-01
2.997316353706427905e-01
3.001589146629971006e-01
3.006059786592537031e-01
3.010730505306944971e-01
3.014909792943378797e-01
3.019140233802806161e-01
3.023569552874044164e-01
3.028199965230131130e-01
3.033033807198455833e-01
3.038073540528506977e-01
3.043321756851014026e-01
3.048610190617935811e-01
3.053972654421103772e-01
3.059548476828984898e-01
3.065340606211376939e-01
3.071065291402911845e-01
3.076214808897064779e-01
3.080774625613565965e-01
3.084889450686330026e-01
3.089055825825184898e-01
3.093426227569959219e-01
3.098002866947666134e-01
3.102788079527150078e-01
3.107784329630169928e-01
3.112994214841816043e-01
3.118103900371899107e-01
3.123373152391922813e-01
3.128860275480322972e-01
3.134568194022173127e-01
3.140499983384150151e-01
3.146658875968382785e-01
3.153048267692957207e-01
3.159631177921118916e-01
3.166121319697995928e-01
3.172583476115655166e-01
3.179248491011640865e-01
3.186153437360407792e-01
3.193302290134095167e-01
3.200699221486315027e-01
3.208348610065621109e-01
3.216209850473025211e-01
3.224105887149977812e-01
3.232264220843688030e-01
3.240689907910073164e-01
3.249388255884985144e-01
3.258364836817566057e-01
3.267617451216364155e-01
3.276836320547298897e-01
3.286345270038923960e-01
3.296150715551534049e-01
3.306259399985544967e-01
3.316678412617541927e-01
3.327415210035660764e-01
3.338477638834156935e-01
3.349873960246501081e-01
3.361612876918482762e-01
3.373703562048269156e-01
3.386040680594936125e-01
3.398580195981655838e-01
3.411494449085381020e-01
3.424794370571053737e-01
3.438491518078996001e-01
3.452598122804221847e-01
3.467127140723992862e-01
3.482092309048552270e-01
3.497508208556153741e-01
3.513390332574847230e-01
3.529755163493388248e-01
3.546620257825536804e-01
3.564004341021290156e-01
3.581927413420574746e-01
3.600410868987728996e-01
3.619477628757868937e-01
3.636805782158906153e-01
3.654635652643747901e-01
3.673024832093823022e-01
3.691995814008890986e-01
3.711496767977059963e-01
3.731171014362651972e-01
3.751481772393661096e-01
3.772457215007453124e-01
3.794127733102575784e-01
3.816526179812440023e-01
3.839688150628476904e-01
3.863652306015691873e-01
3.888460744669720026e-01
3.914159437479379222e-01
3.940798734712505080e-01
3.968433962114010782e-01
3.997126125741403135e-01
4.026942750811381977e-01
4.052595621934805825e-01
4.063712459498307061e-01
4.074969406297260233e-01
4.086047984909084163e-01
4.097363437517688167e-01
4.109076868693118945e-01
4.121197822575849989e-01
4.133736390268960004e-01
4.146703246261368991e-01
4.160109688266687145e-01
4.173967680866154106e-01
4.188289903398058067e-01
4.202664166300562054e-01
4.217252453325511241e-01
4.232327928954798812e-01
4.247905368201332910e-01
4.264000475537355062e-01
4.280629959832363829e-01
4.297811617490445157e-01
4.315564424899993035e-01
4.333908641492554836e-01
4.352865924927059038e-01
4.372459460179354829e-01
4.392714104635008776e-01
4.413656551668567740e-01
4.435315515662139885e-01
4.456518791867685736e-01
4.478143080279062826e-01
4.500515478787395773e-01
4.519945959612701181e-01
4.528476306683517083e-01
4.537056490454923763e-01
4.545821407359411093e-01
4.554981366316808167e-01
4.564543412666015043e-01
4.574515018376741904e-01
4.584904105485775871e-01
4.595195220890617160e-01
4.605169612405972113e-01
4.615564659041013762e-01
4.626388797260311270e-01
4.637650971344067785e-01
4.649360663946373040e-01
4.661527929456005803e-01
4.673406225365459021e-01
4.685500115089714090e-01
4.698063068398543041e-01
4.711106321896985083e-01
4.724641800464685071e-01
4.738682164768184824e-01
4.753240863478032097e-01
4.768332190752461730e-01
4.783971349631714887e-01
4.800174522083247020e-01
4.816958946551528897e-01
4.834343003999810873e-01
4.852299967047810081e-01
4.870614819420490127e-01
4.889581470010683217e-01
4.909223119037816052e-01
4.929389196618518820e-01
4.950124534415569211e-01
4.971602555325649875e-01
4.993853148030532041e-01
5.016908535175037542e-01
5.040803521438280699e-01
5.065575777071321673e-01
5.091266163287441193e-01
5.117919107298714021e-01
5.145583036570509083e-01
5.174310884128946464e-01
5.204160679660941868e-01
5.235196244906533680e-01
5.267215947425969436e-01
5.300538097584939212e-01
5.335261189101514478e-01
5.371479742385047995e-01
5.409299776313624131e-01
5.448840842384866656e-01
5.490238547870845975e-01
5.533647719952921040e-01
5.579246422045724962e-01
5.627241121118750078e-01
5.677873437248948107e-01
5.731429111816966904e-01
5.788250157628669346e-01
5.848751691732464453e-01
5.913445868316491438e-01
5.982976959898840263e-01
6.058174685287514016e-01
6.140138940314451288e-01
6.230382032890956490e-01
6.331084864211776742e-01
6.445603698572852647e-01
6.579614294090452287e-01
6.744279379621019865e-01
6.835510982531947111e-01
6.896879257915864425e-01
6.962274216660504500e-01
7.032247368553575795e-01
7.107491703335907518e-01
7.188898473948662771e-01
7.277647225462415825e-01
7.373304962832903930e-01
7.478950207858363619e-01
7.598276559696941490e-01
7.736405065981495355e-01
7.773553882189661035e-01
7.811948133910854297e-01
7.852196558618883548e-01
7.894419262604683851e-01
7.938751488825579461e-01
7.983501956861793758e-01
8.030514466335073598e-01
8.079999394059806939e-01
8.132161458165472201e-01
8.187237531640421118e-01
8.244471318728094911e-01
8.304405853508126656e-01
8.188838540709375557e-01
8.066689700528267837e-01
7.897270460156450289e-01
7.755915083564871582e-01
7.628714346138133484e-01
7.517105396602380418e-01
7.417262121636624128e-01
7.326714409238777037e-01
7.243757120833234087e-01
7.167154202294799825e-01
7.095975554448181732e-01
7.029500372525584462e-01
6.966700755441118664e-01
6.906588900653679586e-01
6.849912945023838295e-01
6.786328334343249002e-01
6.724271020890751904e-01
6.665885201744761179e-01
6.610220246613458528e-01
6.556607142567254520e-01
6.505817664608575246e-01
6.457599532684794585e-01
6.411736770108595884e-01
6.368042811401883885e-01
6.325413462684987831e-01
6.282584897846079652e-01
6.241700132583544169e-01
6.198456893411606883e-01
6.156598547406375577e-01
6.116614907393506106e-01
6.078376923843382684e-01
6.041770254551348529e-01
6.006693044046578223e-01
5.973054117740491664e-01
5.940771499851771331e-01
5.909771186836424439e-01
5.879045063439123364e-01
5.849171019260313020e-01
5.820453494183777110e-01
5.792836446123821315e-01
5.766268631449250615e-01
5.740189811249821750e-01
5.714191806742164870e-01
5.689168333060427019e-01
5.665078157557872363e-01
5.641883252398245396e-01
5.619548474523853310e-01
5.598041286229393787e-01
5.577331510238769940e-01
5.557391114239458307e-01
5.538194020680524687e-01
5.519715938330341798e-01
5.501934212652097589e-01
5.483709387163503424e-01
5.466153438290390909e-01
5.449262916475555718e-01
5.433018524201906896e-01
5.417402204450321168e-01
5.402397048582981975e-01
5.387987213418070631e-01
5.374157846428075924e-01
5.360895018139268942e-01
5.348185660933161278e-01
5.335307418093142573e-01
5.321149065910244502e-01
5.305945377863090506e-01
5.286438077791413281e-01
5.267635184737735621e-01
5.249513601257093098e-01
5.232051758678678555e-01
5.215229493600163080e-01
5.199027937404456789e-01
5.182787819603129620e-01
5.166741200508355725e-01
5.151290490901467845e-01
5.136419423207752022e-01
5.122112733360751902e-01
5.108356090423287199e-01
5.095136032900335898e-01
5.082439911005640631e-01
5.070255834239667525e-01
5.058572623718249339e-01
5.047379768761400820e-01
5.034609520195331145e-01
5.022048967890211379e-01
4.982274254774777811e-01
4.931910146705992815e-01
4.884280386715678102e-01
4.839113631537778071e-01
4.796180693530154859e-01
4.755285922092846729e-01
4.716260728016014037e-01
4.678958633201383277e-01
4.643251428165093841e-01
4.609026148499089093e-01
4.576182666478321726e-01
4.544631751380034945e-01
4.514293491588365903e-01
4.485095999251367815e-01
4.456974337989614843e-01
4.429869628424656924e-01
4.403728296755504146e-01
4.378501439375191984e-01
4.354144282348695882e-01
4.330615718997488095e-01
4.307599584013105942e-01
4.285215960226412268e-01
4.263572431633059767e-01
4.242637812624702742e-01
4.222383179230642103e-01
4.202781654177781823e-01
4.183578024138209783e-01
4.164694858192722893e-01
4.145753052786990134e-01
4.126461224901777913e-01
4.107782330320740027e-01
4.089693746263942109e-01
4.072174332929713869e-01
4.055204307972444799e-01
4.038765134482271146e-01
4.022839420739370841e-01
4.007410830271261881e-01
3.992464000954265013e-01
3.977984472078585076e-01
3.963958618446071225e-01
3.949573353858242819e-01
3.935349219504477025e-01
3.921568993493951827e-01
3.908220247451317242e-01
3.895291245151831228e-01
3.882770895831271774e-01
3.870642702989604000e-01
3.858311015852941006e-01
3.846371317993304006e-01
3.834813948437570952e-01
3.823629757841522925e-01
3.812810077272952847e-01
3.802346689556377890e-01
3.792231802934131202e-01
3.782458026826165942e-01
3.773018349495014245e-01
3.763906117443454047e-01
3.755047010394280127e-01
3.745019184560542946e-01
3.730265391185612067e-01
3.715956303872778865e-01
3.701775677352788785e-01
3.687876988546496815e-01
3.674396839891289068e-01
3.661323366186967077e-01
3.648645352282873233e-01
3.636240836063976967e-01
3.623971740548025955e-01
3.612076021357750744e-01
3.600544202653060966e-01
3.589367302686091166e-01
3.578536803379209763e-01
3.568044622388806819e-01
3.557883087416306989e-01
3.547718252520121740e-01
3.537834757284284981e-01
3.528267766975871078e-01
3.519010663509952175e-01
3.510057156464632122e-01
3.501401265717064004e-01
3.493037305368504875e-01
3.484662953086403725e-01
3.476427545289377807e-01
3.468475286237903132e-01
3.460801156705654025e-01
3.453400383835091847e-01
3.446268429645820142e-01
3.439400980351194903e-01
3.432793936421120184e-01
3.426443403334882842e-01
3.420345682973037760e-01
3.414497265602046139e-01
3.408894822409681002e-01
3.403535198552907759e-01
3.398109954574564107e-01
3.392789224048853858e-01
3.387323667478190914e-01
3.382015934623877063e-01
3.376945656802671780e-01
3.372110051684480969e-01
3.367148648986605930e-01
3.362414631293283995e-01
3.357910893367941907e-01
3.353635020690775015e-01
3.349584739648029941e-01
3.344818616045086013e-01
3.340240264106043022e-01
3.335888892908812076e-01
3.331669203732078866e-01
3.327312970075682053e-01
3.323180703971980177e-01
3.319270231504899971e-01
3.315579510899457905e-01
3.312106628801990138e-01
3.308849796835939827e-01
3.305807348418884906e-01
3.302977735827866135e-01
3.300359527501153800e-01
3.297790299783684986e-01
3.294367909389552818e-01
3.289971195842790741e-01
3.285795574344695935e-01
3.281798121803964907e-01
3.277563489248033757e-01
3.273434750721209152e-01
3.269175228040864800e-01
3.265131190125846739e-01
3.261158513615149968e-01
3.257156438793535891e-01
3.253369445122928916e-01
3.249491406053314768e-01
3.242625393226242769e-01
3.235321716774001155e-01
3.228267989910810765e-01
3.221460092755751847e-01
3.214894102009582255e-01
3.208430396719043065e-01
3.201830914613441048e-01
3.195269022062930953e-01
3.188943692700547117e-01
3.182851383991088801e-01
3.176988724682467957e-01
3.171352507909162011e-01
3.165939684753280026e-01
3.160567813443627139e-01
3.155394392823911986e-01
3.150438086262054016e-01
3.145696298252428913e-01
3.141166568758479993e-01
3.136846568680005110e-01
3.132562209347947157e-01
3.128364227412059884e-01
3.124372035856672891e-01
3.119812969405639791e-01
3.114860881279932769e-01
3.110120367771486150e-01
3.105588986292928122e-01
3.101264422909020824e-01
3.097144488166480025e-01
3.093227113203858014e-01
3.089084348247190248e-01
3.084927823284243087e-01
3.080973155396420915e-01
3.077218376619981766e-01
3.073661632379451891e-01
3.070301178320785085e-01
3.067135377367961047e-01
3.064162696991603041e-01
3.061381706679177084e-01
3.058791075597236953e-01
3.056389570437043068e-01
3.054176053435637139e-01
3.052087433525356164e-01
3.050090656819824941e-01
3.048279580436992764e-01
3.046653357668774875e-01
3.045211230752515874e-01
3.043786299173080745e-01
3.042480032605531792e-01
3.041356600483878792e-01
3.040415483354230730e-01
3.039656246929596795e-01
3.039078541429022229e-01
3.038208725093310969e-01
3.037411253733207084e-01
3.036795176530188156e-01
3.036325555805587939e-01
3.035687615525718974e-01
3.035230715999786000e-01
3.034940775257352064e-01
3.034501970174071084e-01
3.034243920523498894e-01
3.033962142634502035e-01
3.033720328399229782e-01
3.033659101204336239e-01
3.033778432961884985e-01
3.034007445930376190e-01
3.033775979128153777e-01
3.033725100974455913e-01
3.033854788128730884e-01
3.034165100089998846e-01
3.034576958291489990e-01
3.034840518696556022e-01
3.035284867386818797e-01
3.035910208461108928e-01
3.036716829449315203e-01
3.037627795173759027e-01
3.038190519520758137e-01
3.038934629370114160e-01
3.039860467372451081e-01
3.040968460550377839e-01
3.042259120947857221e-01
3.043733046411504772e-01
3.045177674994501982e-01
3.046723985279838898e-01
3.048311273042396130e-01
3.050060741566807954e-01
3.051798346831792741e-01
3.053600388143649091e-01
3.055531407484908812e-01
3.057649076251781062e-01
3.059954391694045817e-01
3.062448444081015131e-01
3.065132418430847050e-01
3.068007596405099013e-01
3.071004474213087088e-01
3.074031047963742824e-01
3.077251667262559942e-01
3.080667895978529969e-01
3.084281403655690923e-01
3.088093968311607096e-01
3.092107479451962071e-01
3.096323941313104955e-01
3.100745476345334040e-01
3.105374328951011065e-01
3.110212869492836041e-01
3.115263598589030902e-01
3.120529151713715144e-01
3.126012304122489094e-01
3.130384071073333829e-01
3.134500700485297053e-01
3.138824696816043813e-01
3.143358263777170092e-01
3.148103731707562747e-01
3.153063561803080006e-01
3.158110327677053908e-01
3.163306789683624776e-01
3.168723577261629010e-01
3.174363588660789048e-01
3.180229873988386080e-01
3.186325641223097804e-01
3.192654262655186259e-01
3.199219281784210223e-01
3.206024420708392109e-01
3.212662789269506991e-01
3.217437441437979162e-01
3.221675753959830080e-01
3.226129845106148197e-01
3.230802035325965882e-01
3.235694779953962041e-01
3.240526127795508859e-01
3.245572224285779850e-01
3.250843875873172806e-01
3.256343927820730122e-01
3.262075379337001091e-01
3.268041389515172201e-01
3.274245283699063758e-01
3.280690560306849246e-01
3.287380898146162744e-01
3.294320164257691919e-01
3.301477596802203096e-01
3.308669339426280054e-01
3.316118909288743866e-01
3.323830795412863193e-01
3.331809713087726110e-01
3.340060615072882877e-01
3.348588703648319731e-01
3.357399443583055088e-01
3.366498576103564844e-01
3.375892133952075880e-01
3.385586457634803259e-01
3.395588212971498154e-01
3.400310795567144106e-01
3.404977045537166958e-01
3.409406846563283189e-01
3.414070390004699251e-01
3.418753255543063863e-01
3.423535220876686158e-01
3.428555419459421993e-01
3.433816625449164217e-01
3.439321774123474951e-01
3.445073967794478054e-01
3.451076482164321946e-01
3.457332773152237970e-01
3.463846484227174893e-01
3.470621454283426832e-01
3.477661726100368944e-01
3.484971555431493062e-01
3.492555420772597841e-01
3.500261579234761888e-01
3.508065236395462860e-01
3.516152309425160105e-01
3.524527963163311961e-01
3.533197630161989955e-01
3.542167024611124759e-01
3.551442157356249907e-01
3.561029352108103785e-01
3.570935262954579859e-01
3.581166893298172726e-01
3.591731616356405032e-01
3.601333514694362026e-01
3.610088486408796760e-01
3.619150964480419841e-01
3.628527103535365006e-01
3.638223381972721104e-01
3.647775922120872760e-01
3.657127433793482818e-01
3.666800966684669039e-01
3.676803336322430060e-01
3.687141720723252081e-01
3.697823681708597987e-01
3.708857188021358886e-01
3.719954382491197920e-01
3.731413232321524887e-01
3.743243220555650952e-01
3.755453793087298875e-01
3.768054923919392785e-01
3.781057151099557201e-01
3.794471616022022098e-01
3.808310106482095114e-01
3.822585103923307193e-01
3.837309835379993928e-01
3.852498330691155881e-01
3.868165485647311885e-01
3.883724139731913882e-01
3.899217645218613915e-01
3.915202141739850816e-01
3.931694096807887839e-01
3.948711044619679922e-01
3.966009049878924109e-01
3.983555568362502908e-01
3.994152660846446157e-01
4.004606171300668094e-01
4.015432060757574972e-01
4.026638698914969949e-01
4.038234924403629189e-01
4.050230074339855046e-01
4.062634016538145265e-01
4.074926734375050041e-01
4.087605562728269248e-01
4.100712172069505002e-01
4.114258034176466738e-01
4.128255298527424011e-01
4.142716841455799104e-01
4.157656320211338130e-01
4.173088232529674757e-01
4.189027982401876127e-01
4.205491952841158843e-01
4.222497586568453865e-01
4.240063475686172145e-01
4.258209461584973043e-01
4.276956746538003729e-01
4.291799210379054763e-01
4.301454239182520012e-01
4.311494258552294179e-01
4.321927006173887920e-01
4.332760667081312911e-01
4.344003900104446148e-01
4.355665866665380803e-01
4.367648830115937741e-01
4.379566918978302081e-01
4.391921067253343192e-01
4.404721915316218150e-01
4.417980735362738165e-01
4.431406869823484862e-01
4.444585019624480160e-01
4.458233550831303127e-01
4.472365033489137942e-01
4.486992806622122076e-01
4.502131035085509825e-01
4.517794772255004920e-01
4.534000029288069999e-01
4.550763851804573989e-01
4.568104404967416876e-01
4.586041068101326945e-01
4.604594540176079054e-01
4.623786957704549838e-01
4.643642026875721140e-01
4.664185172067394913e-01
4.685443703277447081e-01
4.707447005491683933e-01
4.730226753593949063e-01
4.753817157147208761e-01
4.778255240270289916e-01
4.803581162952423877e-01
4.829838591549620030e-01
4.857075127980289841e-01
4.885342809395596952e-01
4.914698693001363083e-01
4.945185892010495743e-01
4.976147245342925074e-01
5.008357114230793661e-01
5.041895236962482540e-01
5.076850482505406159e-01
5.113322363881005472e-01
5.151422891177528385e-01
5.191278862352926016e-01
5.233034725399569043e-01
5.276856196491039874e-01
5.322934893717887750e-01
5.371494358530460866e-01
5.422798009861975466e-01
5.477159848656502072e-01
5.534959174142441984e-01
5.596661320220693847e-01
5.662847729957112275e-01
5.734019044690181754e-01
5.809964076620944828e-01
5.851461767947423454e-01
5.875880283121841519e-01
5.901261912198696447e-01
5.927649163189543380e-01
5.955088260666123734e-01
5.983629590880870097e-01
6.013328218971817352e-01
6.044244493028397835e-01
6.075625758506931762e-01
6.108097821162108421e-01
6.141944347858783182e-01
6.177247977306030702e-01
6.214100619500069200e-01
6.252604947476405606e-01
6.292876214634854914e-01
6.335044489010497326e-01
6.378235659312628814e-01
6.423436166427964888e-01
6.470934465268844971e-01
6.520937654680517559e-01
6.573687031168461425e-01
6.629466520398511475e-01
6.688613994887405712e-01
6.751536787576519760e-01
6.818733477932336084e-01
6.890825364713263346e-01
6.968603482584746489e-01
7.029321931216364616e-01
7.064181107425020478e-01
7.100618669996011656e-01
7.138730323310762405e-01
7.177997649218164078e-01
7.218865134955330110e-01
7.261702862482850573e-01
7.306654923973685545e-01
7.353885242958675406e-01
7.403581562766506918e-01
7.455960535897446784e-01
7.511274310767264151e-01
7.569819193104215804e-01
7.631947242648908780e-01
7.698082123046561254e-01
7.767427147967332912e-01
7.841303269613574267e-01
7.920837292929626683e-01
8.006988499249433344e-01
8.101029602700262622e-01
8.204712620763107145e-01
8.245938033562602021e-01
8.199717643351072116e-01
8.155752967609397608e-01
8.113895348806821062e-01
8.071559769107627957e-01
8.030671817925105760e-01
7.950326979451075582e-01
7.866899790921980662e-01
7.789689589791222168e-01
7.717828047952943749e-01
7.650634950471548734e-01
7.587565620293648117e-01
7.528175874229676712e-01
7.471328405299376696e-01
7.417481280331300608e-01
7.366441116008993761e-01
7.317973782849760411e-01
7.271877268457993537e-01
7.227975866991800391e-01
7.185400253306399865e-01
7.144738497004702316e-01
7.105904845973618489e-01
7.068787265768718964e-01
7.033285610856210290e-01
6.999309966982716347e-01
6.966779281441465299e-01
6.935620222385450173e-01
6.905766222061699988e-01
6.876664316159022405e-01
6.848768718651543352e-01
6.822030268689065480e-01
6.796400863970173400e-01
6.761586308187367278e-01
6.724371523625176650e-01
6.688754344071414781e-01
6.654643234439150401e-01
6.621955783068669277e-01
6.590393535214248422e-01
6.559431435986349257e-01
6.529730713294777944e-01
6.501231511904516092e-01
6.473879170604083244e-01
6.447623640437287751e-01
6.422418985329167995e-01
6.388116335103464216e-01
6.354921067620828978e-01
6.323080779855067002e-01
6.292524984379277431e-01
6.263189660259267377e-01
6.195257880616019674e-01
6.059900775622327762e-01
5.945310035622212164e-01
5.845127699019647682e-01
5.755703573195072309e-01
5.674711430732695128e-01
5.600560370090102991e-01
5.532105302026759652e-01
5.468489393409271537e-01
5.402703931651596791e-01
5.340651216143913471e-01
5.282613301188214816e-01
5.228096064592415715e-01
5.176699296969924369e-01
5.128093475704542659e-01
5.082003445603879843e-01
5.038196649651364156e-01
4.996474448598793860e-01
4.956078193662337150e-01
4.917130513173227913e-01
4.879884292893714726e-01
4.844216494362370007e-01
4.810018384575038830e-01
4.777193325787066902e-01
4.745654986514917795e-01
4.715325879563013745e-01
4.686136156827027111e-01
4.658022607797600023e-01
4.630927821191451743e-01
4.604799478358794773e-01
4.579589754000401025e-01
4.555254804923954959e-01
4.531754331532201197e-01
4.509051199786380804e-01
4.487111113758482928e-01
4.465840880307710981e-01
4.444741661099813057e-01
4.424338990601937027e-01
4.404605799106592889e-01
4.385516885611508986e-01
4.367048750820816116e-01
4.349179449081028159e-01
4.331888456700336842e-01
4.315156554496931141e-01
4.298965722749559237e-01
4.283299046994927806e-01
4.268140633342458745e-01
4.253475532165814088e-01
4.239289669189104104e-01
4.225224425961586761e-01
4.210682065993525125e-01
4.196612424525222873e-01
4.183002457717786005e-01
4.169839862150516163e-01
4.157113024737256191e-01
4.144810977120442219e-01
4.132923354072212119e-01
4.121440355489902063e-01
4.110352711622892175e-01
4.099651651210922121e-01
4.089328872251132840e-01
4.079376515143526838e-01
4.069787137992678105e-01
4.060553693868242942e-01
4.051669509848216943e-01
4.042151132357941767e-01
4.031121095270794874e-01
4.020469662100423780e-01
4.010188655189054763e-01
4.000270328660981978e-01
3.982474823101543882e-01
3.960762982181957881e-01
3.939752147130123894e-01
3.919412435880971768e-01
3.899716121162180027e-01
3.880637425938044949e-01
3.862152343290892742e-01
3.843736527546302018e-01
3.825741499678436131e-01
3.808298706230686115e-01
3.791388355302348079e-01
3.774991905259567071e-01
3.759091962693382194e-01
3.743672190960735113e-01
3.728717228002186856e-01
3.714212612316625250e-01
3.700144716129900035e-01
3.686500684926007909e-01
3.673268382620940020e-01
3.660436341753837142e-01
3.647951998545165830e-01
3.635378428766199987e-01
3.623186271796248747e-01
3.609484584222074077e-01
3.594550661607101016e-01
3.580058692842946200e-01
3.564212264730328150e-01
3.548654145457260101e-01
3.533554446183170272e-01
3.518898356494357116e-01
3.504671926186566089e-01
3.490065896687251090e-01
3.475851901507464037e-01
3.462052459167992979e-01
3.448655167994851833e-01
3.435648311849311964e-01
3.423020812572489802e-01
3.410762186678386043e-01
3.398862505844436055e-01
3.387312360804428102e-01
3.376102828296387859e-01
3.365225440759418984e-01
3.354672158509170998e-01
3.344435344152669187e-01
3.334507739030190820e-01
3.324496900443200120e-01
3.314698319564018947e-01
3.305198103573074864e-01
3.295989831833677774e-01
3.287067393904786194e-01
3.278424972973961737e-01
3.270057030506191009e-01
3.261958292005575077e-01
3.254123733797268936e-01
3.246548570746137785e-01
3.238852045192501250e-01
3.231360136108722969e-01
3.224120643304146938e-01
3.217129299917637075e-01
3.210382041838468758e-01
3.203874998721200074e-01
3.197604485607843938e-01
3.191566995112880001e-01
3.185759190130666996e-01
3.180177897028469980e-01
3.174820099291509878e-01
3.168434041247351063e-01
3.162154690304911919e-01
3.156105657281519927e-01
3.150283616030422063e-01
3.144685401910763956e-01
3.139308005480851982e-01
3.134148566607399822e-01
3.129204368963172112e-01
3.124472834887714878e-01
3.119772153452315955e-01
3.114965603972820185e-01
3.110369213589013193e-01
3.105980627131011973e-01
3.101797615394550900e-01
3.097818071160065023e-01
3.094040005481178968e-01
3.090461544227353086e-01
3.087033454690761847e-01
3.083382037918112051e-01
3.079928400764742058e-01
3.076670852519782784e-01
3.073261681996437011e-01
3.069771729910064084e-01
3.064602472455799087e-01
3.058784690332532752e-01
3.053029496198839121e-01
3.047470103404718023e-01
3.041827681430436248e-01
3.036398431550403898e-01
3.031179510934470800e-01
3.026168215388411742e-01
3.021361974311800869e-01
3.016491651130810969e-01
3.011821518059605851e-01
3.007351917276888109e-01
3.003080615168440271e-01
2.999005495485463912e-01
2.995124555675999223e-01
2.991281757121923013e-01
2.987442028449531772e-01
2.983793640313531781e-01
2.980334832262591105e-01
2.977063946940737837e-01
2.973979427367927086e-01
2.971079814413584153e-01
2.968363744453711983e-01
2.965704557164989263e-01
2.963005280939886021e-01
2.960487744361126050e-01
2.958150777965686262e-01
2.955628311507991768e-01
2.952948254130310923e-01
2.950423983019871965e-01
2.947837474091873911e-01
2.945295964788230969e-01
2.942834208130902796e-01
2.940551287333958985e-01
2.938422761045936249e-01
2.936218347143924046e-01
2.933894798893890155e-01
2.931029315435609850e-01
2.928343899965246133e-01
2.925837309065222880e-01
2.923508388054332774e-01
2.921356069206497152e-01
2.919379370117041739e-01
2.917577196219552915e-01
2.915828892869493094e-01
2.914254158316367249e-01
2.912852282691256733e-01
2.911585495899080001e-01
2.910380201594932048e-01
2.909286162257574970e-01
2.908248994516209884e-01
2.907360827140527126e-01
2.906513723744711952e-01
2.905837100822213914e-01
2.905218765190096808e-01
2.904550244743969722e-01
2.904051786728010787e-01
2.903676119045430770e-01
2.903353367088158943e-01
2.903200276309843009e-01
1.641671648633103997e-01
