-8.942850850760101125e-12
-1.085456932911179617e+00
-2.020077212332530436e+01
-2.161402168218541675e+01
-3.135368757248874427e+00
2.004416780636529005e-01
2.005293734444910936e-01
2.006273772540067002e-01
2.007357238883155093e-01
2.008544514668944014e-01
2.009836018744106945e-01
2.011232208068932936e-01
2.012733578223590003e-01
2.014340663960149935e-01
2.016054039801737086e-01
2.017874320690266066e-01
2.019802162684379010e-01
2.021838263709344885e-01
2.023983364360789905e-01
2.026238248764344885e-01
2.028603745493421928e-01
2.031080728547504100e-01
2.033670118393559045e-01
2.036372883073349072e-01
2.039190039379653874e-01
2.042122654104621127e-01
2.045171845363744911e-01
2.048338783999200940e-01
2.051624695066568138e-01
2.055030859409263111e-01
2.058558615325364050e-01
2.062209360331805907e-01
2.065984553031361970e-01
2.069885715088226885e-01
2.073914433318418959e-01
2.078072361901769083e-01
2.082361224722749926e-01
2.086782817847959992e-01
2.091339012148722976e-01
2.096031756077915975e-01
2.100863078610883949e-01
2.105835092361084127e-01
2.110949996881995028e-01
2.116210082167744866e-01
2.121617732366017084e-01
2.127175429717856059e-01
2.132885758740316884e-01
2.138751410669250119e-01
2.144775188181012870e-01
2.150960010413613954e-01
2.157308918309575885e-01
2.163825080304871973e-01
2.170511798390536984e-01
2.177372514575982021e-01
2.184410817785895909e-01
2.191630451225539955e-01
2.199035320252784032e-01
2.206629500798870935e-01
2.214417248384251136e-01
2.222403007780436868e-01
2.230591423374148063e-01
2.238987350295950918e-01
2.247595866382164076e-01
2.256422285046356946e-01
2.265472169145106018e-01
2.274751345932239932e-01
2.284265923206501014e-01
2.294022306769822883e-01
2.304027219327159925e-01
2.314287720974751994e-01
2.324811231441532011e-01
2.335605554269148953e-01
2.346678903139635120e-01
2.358039930586932065e-01
2.369697759359868094e-01
2.381662016740385968e-01
2.393942872162825031e-01
2.406551078528965937e-01
2.419498017670478895e-01
2.432795750477192986e-01
2.446457072287910872e-01
2.460495574232750005e-01
2.474925711325330902e-01
2.489762878232593124e-01
2.505023493804758861e-01
2.520725095632863066e-01
2.536886446123913785e-01
2.553527651852490199e-01
2.570670298274075893e-01
2.588337602283738992e-01
2.606554585592548157e-01
2.625348272497430857e-01
2.644747916369225016e-01
2.664785260119916788e-01
2.685494837087977205e-01
2.706914320274315111e-01
2.729084929768798018e-01
2.752051910665160861e-01
2.775865096955983935e-01
2.800579581090993919e-01
2.826256514438686973e-01
2.852964071340894914e-01
2.880778619557801123e-01
2.909786153796108943e-01
2.940084068389253735e-01
2.971783372642594068e-01
2.987770505714016922e-01
2.992294997082456942e-01
2.996564851765209925e-01
3.000857999819973032e-01
3.005349124642613945e-01
3.010040469691860898e-01
3.014934399733650849e-01
3.020033405062197973e-01
3.025340106014557939e-01
3.030857257798101889e-01
3.036587755652009890e-01
3.042534640365909815e-01
3.048701104180882027e-01
3.055090497100423907e-01
3.061706333641593947e-01
3.068552300059415039e-01
3.075300389998821826e-01
3.082047847902111837e-01
3.089028882160405054e-01
3.096247474807689026e-01
3.103707801685545165e-01
3.111414241722749163e-01
3.119371386889798203e-01
3.127584052884812005e-01
3.136057290612976889e-01
3.144796398528338921e-01
3.153806935914043041e-01
3.163094737185377925e-01
3.172665927309277767e-01
3.182526938444383835e-01
3.192684527917680759e-01
3.203145797667031891e-01
3.213918215294306879e-01
3.225009636890998066e-01
3.236428331818090864e-01
3.248183009644481922e-01
3.260282849474163136e-01
3.272002191571694030e-01
3.267646755811077774e-01
3.263510153785056933e-01
3.259590235338726272e-01
3.255884978408504771e-01
3.252392485386815801e-01
3.249110979751618777e-01
3.246038802946986102e-01
3.243174411502144916e-01
3.240516374377587772e-01
3.238063370527822782e-01
3.235814186671331916e-01
3.233767715259296960e-01
3.231922952635313262e-01
3.230278997379317785e-01
3.228835048829536980e-01
3.227590405777068794e-01
3.226544465328328726e-01
3.225696721931267108e-01
3.225046766561835976e-01
3.224594286067840043e-01
3.224339062667784250e-01
3.224280973602983158e-01
3.224419990941698733e-01
3.224756181534585986e-01
3.225289707121324900e-01
3.226020824588787250e-01
3.226949886381669796e-01
3.228077341067034922e-01
3.229403734054768771e-01
3.230929708476514839e-01
3.232656006226247158e-01
3.234583469166198988e-01
3.236713040502560146e-01
3.239045766335911236e-01
3.241582797392157933e-01
3.244325390940335785e-01
3.247274912904541955e-01
3.250432840177944760e-01
3.253800763147802200e-01
3.257380388441253882e-01
3.261173541902745998e-01
3.265182171814933754e-01
3.269408352376150795e-01
3.273854287448745848e-01
3.278522314594004006e-01
3.283414909410798943e-01
3.288534690196833199e-01
3.293884422953023972e-01
3.299467026753615806e-01
3.305285579506671012e-01
3.311343324132018928e-01
3.317643675186272012e-01
3.324190225967394996e-01
3.330986756134527993e-01
3.338037239882180041e-01
3.345345854711863076e-01
3.352916990848512913e-01
3.360755261353904899e-01
3.368865512994527744e-01
3.377252837927502971e-01
3.385922586274708879e-01
3.394880379662876257e-01
3.404132125815825805e-01
3.413684034294495739e-01
3.423542633491183929e-01
3.433714788996490852e-01
3.444207723471185978e-01
3.455029038170794875e-01
3.466186736288379144e-01
3.477689248301242264e-01
3.489545459530266069e-01
3.501764740147149113e-01
3.514356977895022882e-01
3.527332613823055962e-01
3.540702681375884064e-01
3.554478849225579107e-01
3.568673468288076078e-01
3.583299623429339054e-01
3.598371190440424749e-01
3.613902898947328746e-01
3.629910402023567850e-01
3.646410353393921833e-01
3.663420493260644006e-01
3.680959743953473029e-01
3.699048316808021264e-01
3.717707831921064909e-01
3.736961452725460764e-01
3.756834037683915994e-01
3.777352311835037724e-01
3.798545061456716221e-01
3.820443355766618976e-01
3.843080800390559770e-01
3.866493828340620276e-01
3.890722035513825006e-01
3.915808569326360011e-01
3.941800581141433057e-01
3.968749755772739141e-01
3.996712934744133805e-01
4.025752854430136862e-01
4.055939026070615183e-01
4.087348792488603166e-01
4.120068606923871779e-01
4.154195593873895032e-01
4.189839471917646829e-01
4.227124946780110859e-01
4.266194723390843158e-01
4.307213344744468264e-01
4.350372153259394747e-01
4.395895804133193030e-01
4.444050969154408892e-01
4.495158205323827039e-01
4.549608520658176003e-01
4.607887132517932138e-01
4.670608651032915892e-01
4.738571223501473195e-01
4.812843868084469845e-01
4.894915886851821107e-01
4.986972721458070024e-01
4.911555585310177774e-01
4.842286567992701851e-01
4.778362574662964879e-01
4.718969950812589853e-01
4.663482251134775103e-01
4.611404977294835117e-01
4.562339680328211244e-01
4.515959726685686015e-01
4.471993404574406972e-01
4.430211822684269052e-01
4.390420037132448106e-01
4.352450412319571749e-01
4.316157564310652006e-01
4.281414448631252756e-01
4.248109290905834889e-01
4.216143148431519827e-01
4.185427951019886073e-01
4.155884910740729743e-01
4.127443219043436806e-01
4.100038970209811118e-01
4.073614264854110156e-01
4.048116457975485805e-01
4.023497524055091867e-01
3.999713517672077723e-01
3.976724112641785158e-01
3.954492206143457866e-01
3.932983576978195117e-01
3.912166589180351983e-01
3.892011933839755744e-01
3.872492403285338058e-01
3.849764685509755036e-01
3.825346307917767974e-01
3.801752690609859764e-01
3.778943177216151916e-01
3.756880395313216270e-01
3.735529903908373917e-01
3.714859888232479035e-01
3.694840894308920043e-01
3.675445597144689214e-01
3.656648597484116747e-01
3.638426242942248146e-01
3.620756470040242814e-01
3.603618664236976077e-01
3.586993535516908027e-01
3.570863007476058892e-01
3.555210118162407951e-01
3.540018931187353113e-01
3.525274455841259091e-01
3.510962575127046792e-01
3.497069980777364751e-01
3.483584114448666225e-01
3.470493114393601863e-01
3.457785767004674105e-01
3.445451462700351852e-01
3.433480155691353009e-01
3.421862327222198186e-01
3.410588951932190804e-01
3.399651467022457019e-01
3.389041743952411201e-01
3.378752062420762869e-01
3.368775086414009801e-01
3.359103842129353978e-01
3.349731697600222824e-01
3.340652343870996743e-01
3.331859777583824900e-01
3.323348284854684143e-01
3.315112426328549744e-01
3.307147023314517265e-01
3.299447144911820118e-01
3.292008096046308840e-01
3.284825406344796805e-01
3.277894819781679847e-01
3.271212285038370138e-01
3.264773946521720149e-01
3.258576135992500844e-01
3.252615364759547933e-01
3.246888316399141883e-01
3.241391839962856070e-01
3.236122943640306060e-01
3.231078788846282746e-01
3.226256684704307820e-01
3.221654082901156957e-01
3.217268572889075973e-01
3.213097877414385906e-01
3.209139848353056990e-01
3.205392462835442990e-01
3.201853819643940002e-01
3.198522135868702154e-01
3.195395743807872835e-01
3.192473088099916922e-01
3.189752723076818008e-01
3.187233310327819980e-01
3.184913616464439268e-01
3.182792511078251785e-01
3.180868964883868943e-01
3.179142048040179969e-01
3.177610928643784249e-01
3.176274871389098142e-01
3.175133236390331737e-01
3.174185478161152818e-01
3.173431144748384836e-01
3.172869877016716855e-01
3.172501408081878083e-01
3.172325562890345729e-01
3.172342257944077981e-01
3.172551501169328936e-01
3.172953391929105860e-01
3.173548121179279868e-01
3.174335971768934006e-01
3.175317318885950146e-01
3.176492630649416782e-01
3.177862468850921052e-01
3.179427489847324040e-01
3.181188445608179038e-01
3.183146184921499811e-01
3.185301654762198731e-01
3.187655901828113092e-01
3.190210074249212879e-01
3.192965423476231135e-01
3.195923306355740179e-01
3.199085187399420271e-01
3.202452641256128274e-01
3.206027355396255940e-01
3.209811133018796725e-01
3.213805896192616918e-01
3.218013689244477726e-01
3.222436682407605057e-01
3.227077175745907134e-01
3.231937603370310108e-01
3.237020537965322187e-01
3.242328695645532166e-01
3.247864941163703945e-01
3.253632293494062022e-01
3.259633931816717789e-01
3.265873201931510095e-01
3.272353623132401856e-01
3.279078895576456043e-01
3.286052908184782795e-01
3.293279747116558132e-01
3.300763704861257031e-01
3.308509289998832759e-01
3.316521237682606982e-01
3.310443075794535783e-01
3.291178295183609936e-01
3.272239613758902155e-01
3.253732516078455816e-01
3.235779517749611256e-01
3.218358256737470779e-01
3.201447866778416862e-01
3.185028845371102868e-01
3.169082936422772945e-01
3.153593025613276035e-01
3.138543046834944006e-01
3.123917898311309727e-01
3.109703367201310242e-01
3.095886061665789057e-01
3.082453349515847929e-01
3.069393302682867919e-01
3.056694646851749742e-01
3.044346715685197213e-01
3.032036538014507010e-01
3.020005997079867055e-01
3.008306494217041771e-01
2.996928914297486979e-01
2.985864606212029759e-01
2.975105353481296011e-01
2.964643347270929929e-01
2.954471161577951199e-01
2.944581730381066742e-01
2.934589877844729910e-01
2.924818163549740002e-01
2.915318792481340071e-01
2.906085489236840957e-01
2.897112272297215907e-01
2.888393437912533113e-01
2.879923545162890175e-01
2.871697402094235962e-01
2.863710052838637221e-01
2.855956765637420736e-01
2.848433021693669853e-01
2.841134504787530823e-01
2.834057091594190947e-01
2.827167639377332065e-01
2.820120714741696788e-01
2.813289530455468923e-01
2.806670351247306794e-01
2.800259607746273804e-01
2.794053889198228058e-01
2.787653080402321959e-01
2.781387260744477841e-01
2.773590544250268963e-01
2.765324133943393159e-01
2.756880587152635842e-01
2.748465200503485972e-01
2.739106560068930163e-01
2.729402887066290084e-01
2.719959121205139940e-01
2.710769074405562917e-01
2.701826845152326961e-01
2.693126802592958891e-01
2.684663571795212200e-01
2.676432020064201112e-01
2.668258092796065850e-01
2.660217613208962217e-01
2.652399389826224918e-01
2.644395597308800139e-01
2.636329919155946944e-01
2.628485553797849095e-01
2.620857974539240742e-01
2.613442852872926991e-01
2.606236048748107881e-01
2.599233601488258882e-01
2.592431721308264825e-01
2.585826781385135997e-01
2.579415310440726916e-01
2.573193985798630790e-01
2.567159626880722856e-01
2.561309189111840023e-01
2.555639758203795964e-01
2.550148544792382732e-01
2.544832879403212123e-01
2.539690207724268900e-01
2.534718086164874928e-01
2.529914177682400789e-01
2.525276247859575274e-01
2.520802161216635917e-01
2.516489877743772752e-01
2.512190241900045806e-01
2.507892635266461001e-01
2.503754133659141234e-01
2.499772888995162867e-01
2.495947138842443125e-01
2.492275203732635946e-01
2.488755484635435111e-01
2.485386460585463086e-01
2.482166686453557980e-01
2.479094790854937946e-01
2.476169474187268904e-01
2.473389506792179893e-01
2.470271205562649952e-01
2.465991556077317126e-01
2.461867909487762962e-01
2.457898440316418076e-01
2.454081406664384013e-01
2.450415147580987107e-01
2.446898080589927083e-01
2.443528699363446965e-01
2.440305571536582063e-01
2.437227336654171905e-01
2.434292704243856131e-01
2.431500452008789059e-01
2.428849424134298107e-01
2.426338529703133129e-01
2.423966741214395870e-01
2.421733093201577924e-01
2.419603723581655041e-01
2.417377547086939915e-01
2.415288249537018983e-01
2.413334989722538959e-01
2.411516984638817085e-01
2.409833508468210983e-01
2.408283891643336894e-01
2.406867519988452053e-01
2.405583833936525973e-01
2.404292030966403981e-01
2.403103861902922134e-01
2.402047419722644073e-01
2.401022850764089889e-01
2.399887482083737922e-01
2.398798315601990971e-01
2.397804341314669907e-01
2.396855773359042041e-01
2.396013521412667935e-01
2.395233789721372963e-01
2.394528953760501067e-01
2.393833908979776104e-01
2.393155463753086076e-01
2.392606939279885991e-01
2.392151912247305057e-01
2.391773373982064022e-01
2.391524317265052990e-01
2.391350014682291081e-01
2.391252479900631001e-01
2.391197975009151933e-01
2.391224010573861081e-01
2.391328103766300062e-01
2.391497824904126879e-01
2.391764538965459042e-01
2.392102244942564959e-01
2.392513084692423908e-01
2.393009181565385057e-01
2.393574939900972864e-01
2.394270676133216091e-01
2.395096661134668015e-01
2.395966026885456013e-01
2.396949046632705083e-01
2.398063143837025069e-01
2.399308755064361032e-01
2.400686369664634945e-01
2.402196530386788986e-01
2.403839834064263881e-01
2.405616932372837968e-01
2.407496783511864913e-01
2.409490133316231908e-01
2.411619293370624029e-01
2.413885120711964927e-01
2.416288531742077916e-01
2.418622781284671952e-01
2.420342259541662933e-01
2.422197072072936053e-01
2.424187961771024080e-01
2.426315729349065864e-01
2.428581234386111010e-01
2.430985396457784053e-01
2.433497189466893862e-01
2.436094648234531923e-01
2.438833317227983022e-01
2.441714329001186123e-01
2.444573262639196942e-01
2.447520915804946018e-01
2.450613011065868041e-01
2.453802650492220017e-01
2.457104123082420877e-01
2.460553454947178864e-01
2.459090169832570949e-01
2.445534122626187024e-01
2.432338011742707085e-01
2.419489305094423004e-01
2.406976184370248073e-01
2.394787491680440972e-01
2.382912681228246954e-01
2.371341775443177036e-01
2.360065325084269028e-01
2.349074372884379924e-01
2.338360420360360015e-01
2.327915397459937863e-01
2.317731634755960946e-01
2.307801837932774991e-01
2.298119064339297912e-01
2.288676701409040892e-01
2.279468446769792878e-01
2.270488289885239097e-01
2.261730495087913018e-01
2.253189585877891921e-01
2.244860330374857937e-01
2.236737727822749877e-01
2.228816996056502964e-01
2.221093559849444954e-01
2.213563040067965115e-01
2.206221243567209889e-01
2.199064153767910090e-01
2.192087921860106092e-01
2.185288858584608085e-01
2.178663426547514936e-01
2.172208233027211888e-01
2.165920023236846959e-01
2.159795674008598010e-01
2.153832187868952031e-01
2.148026687476871921e-01
2.142376410399133013e-01
2.136878704199235979e-01
2.131531021818308946e-01
2.126330917228121953e-01
2.121276041338019114e-01
2.116364138138958906e-01
2.111593041069257937e-01
2.106960669587762125e-01
2.102465025941372134e-01
2.098104192114765010e-01
2.093876326951145950e-01
2.089779663433659063e-01
2.085812506117916132e-01
2.081973228706739953e-01
2.078260271758944899e-01
2.074672140524523867e-01
2.071207402899183092e-01
2.067864687491695885e-01
2.064642681797961010e-01
2.061540130476149923e-01
2.058555833717675976e-01
2.055688645709131124e-01
2.052937473180642125e-01
2.050301274036452903e-01
2.047779056063807890e-01
2.045369875716513963e-01
2.043072836969790085e-01
2.040887090243279078e-01
2.038811831389290008e-01
2.036846300743601901e-01
2.034989782236281131e-01
2.033241602560237060e-01
2.031601130395322974e-01
2.030067775686044129e-01
2.028640988971019965e-01
2.027320260762519866e-01
2.026105120974552865e-01
2.024995138398069938e-01
2.023989920222029060e-01
2.023089111599135070e-01
2.022292395255226027e-01
2.021599491141345961e-01
2.021010156127701907e-01
2.020524183738766910e-01
2.020141403928888135e-01
2.019861682897904909e-01
2.019684922946305972e-01
2.019611062369627008e-01
2.019640075391798129e-01
2.019771972137326954e-01
2.020006798642224877e-01
2.020344636903710911e-01
2.020785604968813876e-01
2.021329857062068025e-01
2.021977583752619101e-01
2.022729012161101902e-01
2.023584406206823116e-01
2.024544066895770100e-01
2.025608332650196963e-01
2.026777579680507924e-01
2.028052222400378024e-01
2.029432713886069883e-01
2.030919546381090013e-01
2.032513251847402058e-01
2.034214402564528124e-01
2.036023611778071951e-01
2.037941534399229926e-01
2.039968867757080973e-01
2.042106352405576863e-01
2.044354772987257984e-01
2.046714959156011870e-01
2.049187786561225966e-01
2.051774177895998863e-01
2.054475104012198072e-01
2.057291585105424925e-01
2.060224691973142896e-01
2.063275547349500971e-01
2.066445327320625969e-01
2.069735262824478061e-01
2.073146641239645982e-01
2.076680808067808970e-01
2.080339168714931963e-01
2.084123190376681034e-01
2.088034404033927982e-01
2.092074406564699007e-01
2.096244862979382007e-01
2.100547508786584083e-01
2.104984152497550998e-01
2.109556678277748898e-01
2.114267048754847889e-01
2.119117307993113875e-01
2.124109584645031967e-01
2.129246095291849883e-01
2.134529147985725073e-01
2.139961146007215986e-01
2.145544591853006111e-01
2.151282091470035907e-01
2.157176358753642997e-01
2.163230220328808129e-01
2.169446620635337997e-01
2.175828627339687904e-01
2.182379437098168895e-01
2.189102381698609101e-01
2.196000934610028987e-01
2.203078717972745959e-01
2.210339510064394941e-01
2.217787253280837090e-01
2.225426062674820127e-01
2.233260235099503999e-01
2.241294259008813072e-01
2.249532824971977041e-01
2.257980836965625127e-01
2.266643424513622995e-01
2.275525955752444873e-01
2.284634051508485919e-01
2.293973600483475983e-01
2.303550775655114902e-01
2.313372052012556135e-01
2.323444225760575021e-01
2.333774435142360881e-01
2.344370183049410972e-01
2.355239361608076065e-01
2.366390278956564952e-01
2.377831688454112025e-01
2.389572820596188862e-01
2.401623417946817107e-01
2.413993773442260904e-01
2.426694772470560924e-01
2.439737939189982052e-01
2.453135487618159916e-01
2.466900378104276981e-01
2.481046379891823916e-01
2.495588140591913084e-01
2.510541263520967847e-01
2.525922394016071881e-01
2.541749316032366757e-01
2.558041060556948132e-01
2.574818027651771257e-01
2.592102124275960096e-01
2.609916920450729982e-01
2.628287826836950836e-01
2.647242297421688040e-01
2.666810061788362773e-01
2.687023392419048973e-01
2.707917413704241105e-01
2.729530460892546917e-01
2.751904499204406163e-01
2.775085615903358782e-01
2.799124601462751882e-01
2.824077640361246089e-01
2.850007137878265984e-01
2.876982717101170817e-01
2.905082431015988953e-01
2.934394249240435126e-01
2.965017899487363828e-01
2.997067173001700113e-01
3.030672845346947808e-01
3.065986425993024178e-01
3.103185043599807069e-01
3.142477917974803026e-01
3.182711389732634233e-01
3.225277674386342053e-01
3.270602381013100191e-01
3.319084228008074011e-01
3.371226329817101908e-01
3.427678899914186061e-01
3.489307434898724081e-01
3.557307866597730905e-01
3.602501023373685940e-01
3.601621702451469065e-01
3.600974596595857835e-01
3.600559365016475777e-01
3.600375789245250924e-01
3.600423772748382878e-01
3.600703340755053161e-01
3.601214640302173864e-01
3.601957940495382759e-01
3.602933632987307955e-01
3.604142232674975022e-01
3.605584378619141050e-01
3.607260835189206039e-01
3.609172493438281837e-01
3.611320372713934801e-01
3.613705622511150239e-01
3.616329524575052079e-01
3.619193495262070237e-01
3.622299088169311787e-01
3.625647997043259796e-01
3.629242058980099994e-01
3.633083257931490895e-01
3.637173728531054029e-01
3.641515760258551837e-01
3.646111801960439935e-01
3.650964466747462223e-01
3.656076537292076156e-01
3.661450971550737066e-01
3.667090908938638871e-01
3.672999676987325768e-01
3.679180798518513762e-01
3.685637999370959816e-01
3.692375216720852893e-01
3.699396608040353973e-01
3.706706560743481260e-01
3.714309702573606042e-01
3.722210912792487947e-01
3.730415334237163760e-01
3.738928386317946773e-01
3.747755779038882129e-01
3.756903528130747238e-01
3.766377971396847046e-01
3.776185786383030041e-01
3.786334009496196140e-01
3.796830056709976087e-01
3.807681746012718249e-01
3.818897321771462794e-01
3.830485481207052123e-01
3.842455403199624975e-01
3.854816779671774163e-01
3.867579849828545746e-01
3.880755437570372890e-01
3.894354992437581986e-01
3.908390634494421922e-01
3.811713461265687219e-01
3.708635050686577839e-01
3.621262197478797851e-01
3.544848170966287126e-01
3.476636472668168110e-01
3.414858024798869129e-01
3.358297345098331110e-01
3.306076780414360927e-01
3.257538147867343192e-01
3.212172887140357092e-01
3.168977923937655872e-01
3.128135889760947919e-01
3.089552009397878996e-01
3.052990560720914015e-01
3.018253527280707060e-01
2.985172684758103934e-01
2.953603702098883121e-01
2.923421663842185048e-01
2.894517616328550758e-01
2.866795865428404255e-01
2.840171835123095900e-01
2.814570350931031029e-01
2.789924249510852827e-01
2.766173241761801793e-01
2.743150934300961907e-01
2.720583668709046776e-01
2.698789623031550011e-01
2.677725647436485779e-01
2.657352365612268841e-01
2.637633734290226739e-01
2.618536666669307733e-01
2.600030708771677856e-01
2.582087759916590897e-01
2.564681830182863886e-01
2.547788829052959891e-01
2.531386380479133114e-01
2.515453660447369844e-01
2.499971253785449044e-01
2.484921027503259883e-01
2.470286018393784977e-01
2.456050332982925022e-01
2.442199058212065899e-01
2.428718181481311911e-01
2.415594518883892872e-01
2.402815650631044964e-01
2.390369862807990020e-01
2.378246094720407877e-01
2.366433891191010996e-01
2.354923359250792880e-01
2.343705128741624955e-01
2.332770316408530886e-01
2.322110493112559959e-01
2.311717653840560105e-01
2.301584190226974025e-01
2.291702865336572026e-01
2.282066790486055874e-01
2.272669403907910946e-01
2.263504451081828073e-01
2.254565966578326031e-01
2.245848257275996906e-01
2.237345886828626951e-01
2.229053661271374887e-01
2.220966615666634947e-01
2.213080001700384880e-01
2.205389276148632949e-01
2.197890090141607911e-01
2.190578279160310116e-01
2.183449853706314059e-01
2.176500990591312135e-01
2.169728024797825117e-01
2.163127441867027101e-01
2.156695870773543966e-01
2.150430077250750915e-01
2.144326957533251032e-01
2.138383532486133054e-01
2.132596942093240022e-01
2.126964440279016932e-01
2.121483390040626027e-01
2.116151258868992913e-01
2.110965614439150040e-01
2.105924120551848910e-01
2.101024533309868991e-01
2.096264697513745001e-01
2.091642543262839937e-01
2.087156082748783947e-01
2.082803407229285864e-01
2.078582684171257078e-01
2.074492154552992074e-01
2.070530130315944017e-01
2.066694991957316041e-01
2.062985186255343051e-01
2.059399224119722871e-01
2.055935678560213975e-01
2.052593182766906943e-01
2.049370428296163060e-01
2.046266163356592060e-01
2.043279191189913135e-01
2.040408368541843931e-01
2.037652604218528896e-01
2.035010857724348921e-01
2.032482137977218994e-01
2.030065502097770924e-01
2.027760054269072132e-01
2.025564944663766909e-01
2.023479368435741887e-01
2.021502564773638988e-01
2.019633816013725047e-01
2.017872446809806097e-01
2.016217823358056882e-01
2.014669352674789138e-01
2.013226481925352029e-01
2.011888697802456105e-01
2.010655525952433076e-01
2.009526530447973136e-01
2.008501313306091940e-01
2.007579514050144009e-01
2.006760809314837024e-01
2.006044912493308019e-01
2.005431573425411895e-01
2.004920578126503095e-01
2.004511748556055961e-01
2.004204942425593938e-01
2.004000053045477125e-01
2.003897009210184044e-01
2.003895775121828093e-01
2.003996350351736899e-01
2.004198769839984906e-01
2.004503103932901986e-01
2.004909458458634941e-01
2.005417974840927042e-01
2.006028830251400108e-01
2.006742237800674955e-01
2.007558446768795135e-01
2.008477742875471039e-01
2.009500448590794963e-01
2.010626923487172091e-01
2.011857564633255935e-01
2.013192807030894094e-01
2.014633124096081029e-01
2.016179028185093869e-01
2.017831071167107970e-01
2.019209262262748883e-01
2.018653427794447897e-01
2.018200748418106094e-01
2.017851065894684937e-01
2.017604258104853943e-01
2.017460238916974902e-01
2.017418958094094050e-01
2.017480401239739041e-01
2.017644589782398024e-01
2.017911580998623944e-01
2.018281468074847873e-01
2.018754380208011012e-01
2.018868864928251017e-01
2.018449439590470074e-01
2.018132993069667036e-01
2.017919414869644990e-01
2.017808630460344033e-01
2.017800601197370924e-01
2.017895324280311875e-01
2.018092832749706911e-01
2.018393195522696915e-01
2.018796517467418006e-01
2.019302939516315898e-01
2.019912638818648076e-01
2.020625828932531010e-01
2.021442760056977872e-01
2.022363719304482998e-01
2.023389031014783956e-01
2.024519057110558129e-01
2.025754197495895914e-01
2.027094890498505886e-01
2.028541613356719120e-01
2.030094882752480068e-01
2.031755255391625992e-01
2.033523328632879101e-01
2.035399741167124021e-01
2.037385173748675893e-01
2.039480349980374863e-01
2.041686037154538946e-01
2.044003047151934926e-01
2.046432237401105136e-01
2.048974511900616136e-01
2.051630822306939883e-01
2.054402169090923103e-01
2.057289602766012027e-01
2.060294225191670880e-01
2.063417190955645075e-01
2.066659708839042042e-01
2.070023043368489912e-01
2.073508516459939000e-01
2.077117509159057129e-01
2.079504738270974984e-01
2.076739784027432922e-01
2.073714215256247939e-01
2.070784821477938131e-01
2.067972896510937020e-01
2.065277368319244078e-01
2.062697215881300061e-01
2.059750971081913129e-01
2.056325306099315020e-01
2.053020367676876012e-01
2.049834864882721930e-01
2.046767562969150078e-01
2.043817281781220019e-01
2.040982894254008972e-01
2.038263324994180892e-01
2.035623315701166891e-01
2.033058854319332032e-01
2.030606756844446914e-01
2.028266112693604961e-01
2.026036057599550078e-01
2.023915772582272066e-01
2.021904482983274964e-01
2.020001457559955083e-01
2.018206007637725896e-01
2.016517486317709884e-01
2.014935287737963931e-01
2.013374221302209055e-01
2.011911178526565869e-01
2.010553211837146081e-01
2.009299839636967122e-01
2.008150618799685871e-01
2.007105144179389122e-01
2.006082849733026030e-01
2.005122093494078883e-01
2.004264361383985005e-01
2.003509353146329108e-01
2.002856804990214012e-01
2.002306489304221948e-01
2.001858214410306980e-01
2.001511824357042058e-01
2.001267198751754128e-01
2.001124252631132916e-01
2.001082936370036924e-01
2.001143235628264905e-01
2.001305171335178990e-01
2.001568799712148961e-01
2.001934212332859009e-01
2.002401536221619094e-01
2.002970933989917102e-01
2.003642604011519057e-01
